# vtk DataFile Version 2.0
untitled, Created by Gmsh
ASCII
DATASET UNSTRUCTURED_GRID
POINTS 336 double
-0.5 -0.5 1
-0.5 -0.5 0
-0.5 0.5 1
-0.5 0.5 0
0.5 -0.5 1
0.5 -0.5 0
0.5 0.5 1
0.5 0.5 0
-0.5 -0.5 0.1666666666666662
-0.5 -0.5 0.3333333333333324
-0.5 -0.5 0.4999999999999986
-0.5 -0.5 0.6666666666666646
-0.5 -0.5 0.8333333333333321
-0.5 -0.3333333333333338 1
-0.5 -0.1666666666666676 1
-0.5 -1.443289932012704e-15 1
-0.5 0.1666666666666646 1
-0.5 0.3333333333333321 1
-0.5 0.5 0.1666666666666662
-0.5 0.5 0.3333333333333324
-0.5 0.5 0.4999999999999986
-0.5 0.5 0.6666666666666646
-0.5 0.5 0.8333333333333321
-0.5 -0.3333333333333338 0
-0.5 -0.1666666666666676 0
-0.5 -1.443289932012704e-15 0
-0.5 0.1666666666666646 0
-0.5 0.3333333333333321 0
0.5 -0.5 0.1666666666666662
0.5 -0.5 0.3333333333333324
0.5 -0.5 0.4999999999999986
0.5 -0.5 0.6666666666666646
0.5 -0.5 0.8333333333333321
0.5 -0.3333333333333338 1
0.5 -0.1666666666666676 1
0.5 -1.443289932012704e-15 1
0.5 0.1666666666666646 1
0.5 0.3333333333333321 1
0.5 0.5 0.1666666666666662
0.5 0.5 0.3333333333333324
0.5 0.5 0.4999999999999986
0.5 0.5 0.6666666666666646
0.5 0.5 0.8333333333333321
0.5 -0.3333333333333338 0
0.5 -0.1666666666666676 0
0.5 -1.443289932012704e-15 0
0.5 0.1666666666666646 0
0.5 0.3333333333333321 0
-0.3333333333333338 -0.5 0
-0.1666666666666676 -0.5 0
-1.443289932012704e-15 -0.5 0
0.1666666666666646 -0.5 0
0.3333333333333321 -0.5 0
-0.3333333333333338 -0.5 1
-0.1666666666666676 -0.5 1
-1.443289932012704e-15 -0.5 1
0.1666666666666646 -0.5 1
0.3333333333333321 -0.5 1
-0.3333333333333338 0.5 0
-0.1666666666666676 0.5 0
-1.443289932012704e-15 0.5 0
0.1666666666666646 0.5 0
0.3333333333333321 0.5 0
-0.3333333333333338 0.5 1
-0.1666666666666676 0.5 1
-1.443289932012704e-15 0.5 1
0.1666666666666646 0.5 1
0.3333333333333321 0.5 1
-0.5 -0.3491573523912473 0.5815109568340523
-0.5 0.09778760911776263 0.1493826874925709
-0.5 0.09778760911776285 0.8506173125074281
-0.5 0.3556624327025939 0.5833333333333316
-0.5 -0.3486919098564352 0.2623742252847558
-0.5 -0.2522937250022408 0.8611620212026556
-0.5 0.3588713258240283 0.2507062282134787
-0.5 0.358871325824028 0.7492937717865189
-0.5 0.197528712446488 0.6925646466622739
-0.5 0.2090255065787381 0.5043163299992666
-0.5 0.06698729810778192 0.583333333333331
-0.5 0.06381293421554957 0.422220446824228
-0.5 -0.07493641577898863 0.5009256300262583
-0.5 -0.07873396913733699 0.3399105658185371
-0.5 -0.07735026918962395 0.6666666666666641
-0.5 -0.2277778290501113 0.4199000080986984
-0.5 0.355814021751758 0.4175037597021233
-0.5 -0.07907868459423845 0.8318012084636078
-0.5 -0.07795702464481236 0.1691750301123359
-0.5 0.1967684076365565 0.3089649537937649
-0.5 0.2514957068082695 0.8613549960618434
-0.5 -0.3630506580186298 0.7528831044824416
-0.5 0.2514051943308966 0.1388270992305415
-0.5 -0.2444377959922679 0.139278356241809
-0.5 -0.1868980160819414 0.5784344142880582
-0.5 -0.3851254182595588 0.4194237047101675
-0.5 -0.1955197057361928 0.2661276371112272
-0.5 -0.2179714508796536 0.7120763953229132
-0.5 0.05024047358083794 0.7209936490538889
-0.5 0.04033559143754395 0.2779307368082873
-0.5 0.3779915320718531 0.8779915320718531
-0.5 -0.3779915320718541 0.1220084679281459
-0.5 0.3779915320718541 0.1220084679281456
-0.5 -0.3779915320718545 0.8779915320718541
0.5 -0.3491573523912473 0.5815109568340523
0.5 0.09778760911776263 0.1493826874925709
0.5 0.09778760911776285 0.8506173125074281
0.5 0.3556624327025939 0.5833333333333316
0.5 -0.3486919098564352 0.2623742252847558
0.5 -0.2522937250022408 0.8611620212026556
0.5 0.3588713258240283 0.2507062282134787
0.5 0.358871325824028 0.7492937717865189
0.5 0.197528712446488 0.6925646466622739
0.5 0.2090255065787381 0.5043163299992666
0.5 0.06698729810778192 0.583333333333331
0.5 0.06381293421554957 0.422220446824228
0.5 -0.07493641577898863 0.5009256300262583
0.5 -0.07873396913733699 0.3399105658185371
0.5 -0.07735026918962395 0.6666666666666641
0.5 -0.2277778290501113 0.4199000080986984
0.5 -0.0790786845942385 0.8318012084636078
0.5 0.355814021751758 0.4175037597021233
0.5 -0.07795702464481236 0.1691750301123359
0.5 0.1967684076365565 0.3089649537937649
0.5 0.2514957068082695 0.8613549960618434
0.5 -0.3630506580186298 0.7528831044824416
0.5 0.2514051943308966 0.1388270992305415
0.5 -0.2444377959922679 0.139278356241809
0.5 -0.1868980160819414 0.5784344142880582
0.5 -0.3851254182595588 0.4194237047101675
0.5 -0.1955197057361928 0.2661276371112272
0.5 -0.2179714508796536 0.7120763953229132
0.5 0.05024047358083772 0.720993649053889
0.5 0.04033559143754395 0.2779307368082873
0.5 0.3779915320718531 0.8779915320718531
0.5 -0.3779915320718541 0.1220084679281459
0.5 0.3779915320718541 0.1220084679281456
0.5 -0.3779915320718545 0.8779915320718541
0.09778760911776274 -0.5 0.1493826874925711
-0.3491573523912473 -0.5 0.5815109568340524
0.3556624327025941 -0.5 0.5833333333333316
0.09778760911776296 -0.5 0.8506173125074283
-0.2541201705266419 -0.5 0.1356302602983094
0.3588713258240283 -0.5 0.2507062282134787
-0.2522937250022408 -0.5 0.8611620212026556
0.3588713258240285 -0.5 0.7492937717865187
0.197528712446488 -0.5 0.6925646466622742
0.2090255065787381 -0.5 0.5043163299992668
0.06698729810778192 -0.5 0.5833333333333319
0.06381293421554957 -0.5 0.4222204468242287
-0.07493641577898857 -0.5 0.5009256300262591
-0.07735026918962407 -0.5 0.666666666666665
-0.07863006079993895 -0.5 0.3400905403382409
-0.2164287015149211 -0.5 0.4404659175556338
0.1967467520581048 -0.5 0.3088453690744141
0.3533843361939107 -0.5 0.4134224323256369
-0.07960928604161682 -0.5 0.1687852027634297
-0.07907868459423845 -0.5 0.8318012084636082
0.2514957068082695 -0.5 0.8613549960618433
0.2514026162858429 -0.5 0.1388128629544283
-0.3630506580186297 -0.5 0.7528831044824416
-0.3686927328593508 -0.5 0.2418072307765988
-0.1846281905749033 -0.5 0.5825475961794456
-0.364836538777206 -0.5 0.4059952396911893
-0.2166806401037822 -0.5 0.2832075760009829
-0.2175931466284806 -0.5 0.7127619256381446
0.05024047358083716 -0.5 0.7209936490538894
0.04002158970997227 -0.5 0.2778648492985769
0.3779915320718527 -0.5 0.8779915320718527
0.3779915320718541 -0.5 0.1220084679281455
-0.3779915320718544 -0.5 0.8779915320718541
-0.3788401225741576 -0.5 0.1211598774258424
0.3556624327025941 0.5 0.5833333333333316
-0.3491573523912473 0.5 0.5815109568340524
0.09778760911776274 0.5 0.1493826874925711
0.09778760911776296 0.5 0.8506173125074283
-0.3486919098564353 0.5 0.262374225284756
0.3588713258240283 0.5 0.2507062282134787
-0.2522937250022408 0.5 0.8611620212026556
0.3588713258240285 0.5 0.7492937717865187
0.197528712446488 0.5 0.6925646466622742
0.2090255065787381 0.5 0.5043163299992668
0.06698729810778192 0.5 0.5833333333333319
0.06381293421554945 0.5 0.4222204468242287
-0.07493641577898869 0.5 0.5009256300262592
-0.07873396913733716 0.5 0.3399105658185376
-0.07735026918962407 0.5 0.666666666666665
-0.2277778290501115 0.5 0.4199000080986991
0.1967467520581047 0.5 0.3088453690744141
0.3533843361939107 0.5 0.4134224323256369
-0.07795702464481241 0.5 0.1691750301123361
-0.07907868459423845 0.5 0.8318012084636082
0.2514957068082695 0.5 0.8613549960618433
0.2514026162858429 0.5 0.1388128629544283
-0.3630506580186297 0.5 0.7528831044824418
-0.2444377959922679 0.5 0.139278356241809
-0.1868980160819414 0.5 0.5784344142880588
-0.3851254182595588 0.5 0.4194237047101677
-0.1955197057361928 0.5 0.2661276371112275
-0.2179714508796536 0.5 0.7120763953229134
0.05024047358083716 0.5 0.7209936490538894
0.04033126032185341 0.5 0.2779068198644176
0.3779915320718527 0.5 0.8779915320718527
0.3779915320718541 0.5 0.1220084679281455
-0.3779915320718541 0.5 0.1220084679281459
-0.3779915320718544 0.5 0.8779915320718541
0.09778760911776263 -0.3506173125074291 0
0.09778760911776285 0.3506173125074281 0
-0.3491573523912473 0.08151095683405229 0
0.3556624327025939 0.08333333333333159 0
-0.3486919098564352 -0.2376257747152442 0
0.3588713258240283 -0.2492937717865213 0
-0.2522937250022408 0.3611620212026556 0
0.358871325824028 0.2492937717865189 0
0.197528712446488 0.1925646466622739 0
0.2090255065787381 0.004316329999266566 0
0.06698729810778192 0.08333333333333104 0
0.06381293421554957 -0.07777955317577201 0
-0.07493641577898863 0.0009256300262583395 0
-0.07873396913733699 -0.1600894341814629 0
-0.07735026918962395 0.1666666666666641 0
-0.2277778290501113 -0.08009999190130157 0
0.355814021751758 -0.08249624029787672 0
-0.07795702464481236 -0.3308249698876641 0
-0.07907868459423845 0.3318012084636078 0
0.1967684076365565 -0.1910350462062351 0
0.2514957068082695 0.3613549960618434 0
-0.3630506580186298 0.2528831044824416 0
0.2514051943308966 -0.3611729007694585 0
-0.2444377959922679 -0.360721643758191 0
-0.1868980160819414 0.0784344142880582 0
-0.3851254182595588 -0.08057629528983251 0
-0.1955197057361927 -0.2338723628887727 0
-0.2179714508796536 0.2120763953229132 0
0.05024047358083794 0.2209936490538889 0
0.04033559143754395 -0.2220692631917127 0
0.3779915320718531 0.3779915320718531 0
-0.3779915320718542 -0.3779915320718542 0
0.3779915320718541 -0.3779915320718544 0
-0.3779915320718545 0.3779915320718541 0
-0.3491573523912473 0.08151095683405229 1
0.09778760911776263 -0.3506173125074291 1
0.09778760911776285 0.3506173125074281 1
0.3556624327025939 0.08333333333333159 1
-0.3486919098564352 -0.2376257747152442 1
0.3588713258240283 -0.2492937717865213 1
-0.2522937250022408 0.3611620212026556 1
0.358871325824028 0.2492937717865189 1
0.197528712446488 0.1925646466622739 1
0.2090255065787381 0.004316329999266566 1
0.06698729810778192 0.08333333333333104 1
0.06381293421554957 -0.07777955317577201 1
-0.07493641577898863 0.0009256300262583395 1
-0.07873396913733699 -0.1600894341814629 1
-0.07735026918962395 0.1666666666666641 1
-0.2277778290501113 -0.08009999190130157 1
0.355814021751758 -0.08249624029787672 1
-0.07795702464481236 -0.3308249698876641 1
-0.07907868459423845 0.3318012084636078 1
0.1967684076365565 -0.1910350462062351 1
0.2514957068082695 0.3613549960618434 1
-0.3630506580186298 0.2528831044824416 1
0.2514051943308966 -0.3611729007694585 1
-0.2444377959922679 -0.360721643758191 1
-0.1868980160819414 0.0784344142880582 1
-0.3851254182595588 -0.08057629528983251 1
-0.1955197057361927 -0.2338723628887727 1
-0.2179714508796536 0.2120763953229132 1
0.05024047358083794 0.2209936490538889 1
0.04033559143754395 -0.2220692631917127 1
0.3779915320718531 0.3779915320718531 1
-0.3779915320718542 -0.3779915320718542 1
0.3779915320718541 -0.3779915320718544 1
-0.3779915320718545 0.3779915320718541 1
1.387778780781446e-17 1.110223024625157e-16 0.5000000000000001
-0.1846250844137785 -0.183840422785832 0.3152618350406454
-0.1372453665989916 -0.1967932871762084 0.6972068679270663
-0.1372453665989914 0.1972068679270664 0.3032067128237915
-0.1455416589944972 0.1959341016888207 0.6959341016888207
0.1977412537652123 -0.1387751538578643 0.3056281039910587
0.2074081846880392 -0.1586169526888274 0.6554435877692254
0.1783694256277559 0.1844964475617141 0.3154224170535391
0.1681859143561328 0.1874594973967458 0.6874594973967458
-0.2537111013868084 -0.01202069739038307 0.5559866554671372
0.01486946857885676 -0.2578493118518087 0.4975912128713348
-0.01249827895409823 -0.01383967579731422 0.2439264184349295
0.01485783795676601 -0.002429290749767592 0.7613516457808236
0.01485783795676574 0.2613516457808235 0.4975707092502327
0.2616288136965048 0.03650911069403892 0.503346121792976
0.01736783691275051 -0.2702931074472201 0.2296696881546433
-0.2811902551508135 -0.2403197107356562 0.5194560685526106
-0.2695729959789644 0.01726142859290082 0.2166238346897562
0.05889803821735278 -0.2795321919442603 0.7797917526704216
-0.2691853694882402 0.01891543126378905 0.7882601597485679
-0.2645769157632619 0.2717852385785607 0.4972119398910856
0.02890159436663113 0.29593528367462 0.203186179326781
0.2830184433167841 0.01481187948428298 0.7838837477470643
-0.298788448144402 -0.298788448144402 0.7979355106376492
0.2971117533605641 -0.2970738835378779 0.7970738835378773
0.01710961072433946 0.29882233298804 0.7988223329880402
0.2983788703830509 -0.2987405661937347 0.2012594338062652
-0.2986581420236626 0.2982840081608122 0.2013505542515307
0.2925617745957669 0.03233086553140518 0.2046503456031101
0.2792800229114982 -0.2807391043099208 0.4709265613181068
-0.3003716958541227 0.3009333124824409 0.7995549917503667
0.2779594664373983 0.2779594664373983 0.5035737621133147
0.3029477142660457 0.302947714266046 0.8029477142660458
0.304083624243043 0.304083624243043 0.1959163757569565
-0.3061170316862555 -0.3052285618636686 0.1944264088913461
-0.1595634678827019 0.001904140372470869 0.3814722693199528
-0.3202207080097321 -0.142521497124571 0.6796041038990386
-0.316340654543137 0.1227886011812496 0.3775108567568544
-0.32256305766007 -0.08889297740570615 0.3995000880122659
-0.1355797762202101 0.1313323500096375 0.5179466863946577
0.1400872868830364 -0.3301753638646666 0.6178656281004096
-0.1265225028982517 -0.1366743852624727 0.5014481642824137
0.129909589769772 -0.331964502140208 0.3678449007293068
0.1422212458462448 -0.1210115545572426 0.4837739618724579
-0.1320583466513346 -0.3354803992544061 0.4115173772768838
0.0193114255802106 -0.129454317290224 0.6288083014332995
-0.322605116371718 0.1398243975924265 0.6498852476694551
0.33783375559305 -0.1093869437903146 0.4211858336196742
-0.1084354462522357 -0.3399497649110641 0.5958440576849741
0.1426180871153235 -0.1199356179063382 0.8342832291886699
-0.01470989015976054 -0.1508054481534269 0.3580822697874459
-0.127846501110941 -0.08433230716858668 0.8410328732060165
-0.114470988286496 0.1006326676771923 0.1583756531304708
0.1196575868381324 0.01360290311481574 0.3647088667022018
-0.1110673955928478 0.09640682167556958 0.839710840758463
-0.1110673955928477 0.3397108407584633 0.5964068216755701
-0.1269473561795954 -0.2130932735470765 0.1561218733546314
0.08077301984428338 0.1250110330169067 0.1753645134103266
0.1300738971208264 0.01236527857170425 0.6238296841470345
0.1409522858733914 -0.051851388405525 0.1596164018412882
0.3368434036231945 0.1251919768014662 0.6463935405837099
-0.1219910205688284 0.3404328192346893 0.4112834084904569
0.09953358982951616 0.3370858010709054 0.3609486352039145
-0.3389716808479827 -0.1402205796006339 0.2350262494450351

CELLS 1725 7917
1 0
1 1
1 2
1 3
1 4
1 5
1 6
1 7
2 1 8
2 8 9
2 9 10
2 10 11
2 11 12
2 12 0
2 0 13
2 13 14
2 14 15
2 15 16
2 16 17
2 17 2
2 3 18
2 18 19
2 19 20
2 20 21
2 21 22
2 22 2
2 1 23
2 23 24
2 24 25
2 25 26
2 26 27
2 27 3
2 5 28
2 28 29
2 29 30
2 30 31
2 31 32
2 32 4
2 4 33
2 33 34
2 34 35
2 35 36
2 36 37
2 37 6
2 7 38
2 38 39
2 39 40
2 40 41
2 41 42
2 42 6
2 5 43
2 43 44
2 44 45
2 45 46
2 46 47
2 47 7
2 1 48
2 48 49
2 49 50
2 50 51
2 51 52
2 52 5
2 0 53
2 53 54
2 54 55
2 55 56
2 56 57
2 57 4
2 3 58
2 58 59
2 59 60
2 60 61
2 61 62
2 62 7
2 2 63
2 63 64
2 64 65
2 65 66
2 66 67
2 67 6
3 12 0 101
3 0 13 101
3 1 8 99
3 23 1 99
3 17 2 98
3 2 22 98
3 18 3 100
3 3 27 100
3 8 9 72
3 8 72 99
3 9 10 93
3 72 9 93
3 10 11 68
3 10 68 93
3 11 12 89
3 68 11 89
3 89 12 101
3 13 14 73
3 13 73 101
3 14 15 85
3 73 14 85
3 15 16 70
3 15 70 85
3 16 17 88
3 70 16 88
3 88 17 98
3 19 18 74
3 74 18 100
3 20 19 84
3 19 74 84
3 21 20 71
3 71 20 84
3 22 21 75
3 21 71 75
3 22 75 98
3 24 23 91
3 91 23 99
3 25 24 86
3 86 24 91
3 26 25 69
3 69 25 86
3 27 26 90
3 26 69 90
3 27 90 100
3 83 68 92
3 68 83 93
3 68 89 95
3 92 68 95
3 69 86 97
3 69 87 90
3 87 69 97
3 76 70 88
3 70 76 96
3 85 70 96
3 75 71 76
3 76 71 77
3 77 71 84
3 83 72 93
3 72 83 94
3 91 72 94
3 72 91 99
3 73 85 95
3 89 73 95
3 73 89 101
3 84 74 87
3 87 74 90
3 90 74 100
3 75 76 88
3 75 88 98
3 76 77 78
3 76 78 96
3 78 77 79
3 79 77 87
3 77 84 87
3 78 79 80
3 78 80 82
3 78 82 96
3 80 79 81
3 81 79 97
3 79 87 97
3 80 81 83
3 82 80 92
3 80 83 92
3 83 81 94
3 81 86 94
3 86 81 97
3 85 82 95
3 82 85 96
3 82 92 95
3 86 91 94
3 32 135 4
3 4 135 33
3 5 133 28
3 43 133 5
3 37 132 6
3 6 132 42
3 38 134 7
3 7 134 47
3 28 106 29
3 28 133 106
3 29 127 30
3 106 127 29
3 30 102 31
3 30 127 102
3 31 123 32
3 102 123 31
3 123 135 32
3 33 107 34
3 33 135 107
3 34 118 35
3 107 118 34
3 35 104 36
3 35 118 104
3 36 122 37
3 104 122 36
3 122 132 37
3 39 108 38
3 108 134 38
3 40 119 39
3 39 119 108
3 41 105 40
3 105 119 40
3 42 109 41
3 41 109 105
3 42 132 109
3 44 125 43
3 125 133 43
3 45 120 44
3 120 125 44
3 46 103 45
3 103 120 45
3 47 124 46
3 46 124 103
3 47 134 124
3 117 126 102
3 102 127 117
3 102 129 123
3 126 129 102
3 103 131 120
3 103 124 121
3 121 131 103
3 110 122 104
3 104 130 110
3 118 130 104
3 109 110 105
3 110 111 105
3 111 119 105
3 117 127 106
3 106 128 117
3 125 128 106
3 106 133 125
3 107 129 118
3 123 129 107
3 107 135 123
3 119 121 108
3 121 124 108
3 124 134 108
3 109 122 110
3 109 132 122
3 110 112 111
3 110 130 112
3 112 113 111
3 113 121 111
3 111 121 119
3 112 114 113
3 112 116 114
3 112 130 116
3 114 115 113
3 115 131 113
3 113 131 121
3 114 117 115
3 116 126 114
3 114 126 117
3 117 128 115
3 115 128 120
3 120 131 115
3 118 129 116
3 116 130 118
3 116 129 126
3 120 128 125
3 0 12 168
3 53 0 168
3 8 1 169
3 1 48 169
3 32 4 166
3 4 57 166
3 5 28 167
3 52 5 167
3 9 8 159
3 159 8 169
3 10 9 161
3 9 159 161
3 11 10 137
3 137 10 161
3 12 11 158
3 11 137 158
3 12 158 168
3 28 29 141
3 28 141 167
3 29 30 153
3 141 29 153
3 30 31 138
3 30 138 153
3 31 32 143
3 138 31 143
3 143 32 166
3 48 49 140
3 48 140 169
3 49 50 154
3 140 49 154
3 50 51 136
3 50 136 154
3 51 52 157
3 136 51 157
3 157 52 167
3 54 53 142
3 142 53 168
3 55 54 155
3 54 142 155
3 56 55 139
3 139 55 155
3 57 56 156
3 56 139 156
3 57 156 166
3 152 136 157
3 136 152 165
3 154 136 165
3 137 151 160
3 151 137 161
3 158 137 163
3 137 160 163
3 138 143 144
3 138 144 145
3 138 145 153
3 139 144 156
3 144 139 164
3 139 155 164
3 140 154 162
3 159 140 162
3 140 159 169
3 152 141 153
3 141 152 157
3 141 157 167
3 155 142 163
3 142 158 163
3 158 142 168
3 144 143 156
3 156 143 166
3 145 144 146
3 146 144 164
3 145 146 147
3 145 147 152
3 145 152 153
3 147 146 148
3 148 146 149
3 149 146 164
3 147 148 150
3 147 150 165
3 152 147 165
3 148 149 160
3 150 148 151
3 151 148 160
3 149 155 163
3 155 149 164
3 160 149 163
3 150 151 162
3 154 150 162
3 150 154 165
3 151 161 162
3 161 159 162
3 2 203 22
3 63 203 2
3 18 202 3
3 3 202 58
3 42 200 6
3 6 200 67
3 7 201 38
3 62 201 7
3 19 174 18
3 174 202 18
3 20 195 19
3 19 195 174
3 21 171 20
3 171 195 20
3 22 192 21
3 21 192 171
3 22 203 192
3 38 175 39
3 38 201 175
3 39 187 40
3 175 187 39
3 40 170 41
3 40 187 170
3 41 177 42
3 170 177 41
3 177 200 42
3 58 193 59
3 58 202 193
3 59 188 60
3 59 193 188
3 60 172 61
3 60 188 172
3 61 191 62
3 172 191 61
3 191 201 62
3 64 176 63
3 176 203 63
3 65 189 64
3 64 189 176
3 66 173 65
3 173 189 65
3 67 190 66
3 66 190 173
3 67 200 190
3 170 178 177
3 170 179 178
3 170 187 179
3 171 194 185
3 185 195 171
3 192 197 171
3 171 197 194
3 186 191 172
3 172 199 186
3 188 199 172
3 173 190 178
3 178 198 173
3 173 198 189
3 174 195 185
3 185 196 174
3 174 196 193
3 193 202 174
3 186 187 175
3 175 191 186
3 175 201 191
3 189 197 176
3 176 197 192
3 192 203 176
3 178 190 177
3 190 200 177
3 179 180 178
3 180 198 178
3 179 181 180
3 179 186 181
3 179 187 186
3 181 182 180
3 182 184 180
3 184 198 180
3 181 183 182
3 181 199 183
3 186 199 181
3 183 185 182
3 182 194 184
3 185 194 182
3 183 196 185
3 188 196 183
3 183 199 188
3 184 197 189
3 189 198 184
3 194 197 184
3 193 196 188
3 1 23 235
3 48 1 235
3 27 3 237
3 3 58 237
3 43 5 236
3 5 52 236
3 7 47 234
3 62 7 234
3 23 24 208
3 23 208 235
3 24 25 229
3 208 24 229
3 25 26 206
3 25 206 229
3 26 27 225
3 206 26 225
3 225 27 237
3 44 43 209
3 209 43 236
3 45 44 220
3 44 209 220
3 46 45 207
3 207 45 220
3 47 46 211
3 46 207 211
3 47 211 234
3 49 48 227
3 227 48 235
3 50 49 221
3 221 49 227
3 51 50 204
3 204 50 221
3 52 51 226
3 51 204 226
3 52 226 236
3 58 59 210
3 58 210 237
3 59 60 222
3 210 59 222
3 60 61 205
3 60 205 222
3 61 62 224
3 205 61 224
3 224 62 234
3 204 221 233
3 204 223 226
3 223 204 233
3 212 205 224
3 205 212 232
3 222 205 232
3 219 206 228
3 206 219 229
3 206 225 231
3 228 206 231
3 211 207 212
3 212 207 213
3 213 207 220
3 219 208 229
3 208 219 230
3 227 208 230
3 208 227 235
3 220 209 223
3 223 209 226
3 226 209 236
3 210 222 231
3 225 210 231
3 210 225 237
3 211 212 224
3 211 224 234
3 212 213 214
3 212 214 232
3 214 213 215
3 215 213 223
3 213 220 223
3 214 215 216
3 214 216 218
3 214 218 232
3 216 215 217
3 217 215 233
3 215 223 233
3 216 217 219
3 218 216 228
3 216 219 228
3 219 217 230
3 217 221 230
3 221 217 233
3 222 218 231
3 218 222 232
3 218 228 231
3 221 227 230
3 0 269 13
3 53 269 0
3 17 271 2
3 2 271 63
3 33 270 4
3 4 270 57
3 6 268 37
3 67 268 6
3 13 242 14
3 13 269 242
3 14 263 15
3 242 263 14
3 15 238 16
3 15 263 238
3 16 259 17
3 238 259 16
3 259 271 17
3 34 243 33
3 243 270 33
3 35 254 34
3 34 254 243
3 36 241 35
3 241 254 35
3 37 245 36
3 36 245 241
3 37 268 245
3 54 261 53
3 261 269 53
3 55 255 54
3 255 261 54
3 56 239 55
3 239 255 55
3 57 260 56
3 56 260 239
3 57 270 260
3 63 244 64
3 63 271 244
3 64 256 65
3 244 256 64
3 65 240 66
3 65 256 240
3 66 258 67
3 240 258 66
3 258 268 67
3 253 262 238
3 238 263 253
3 238 265 259
3 262 265 238
3 239 267 255
3 239 260 257
3 257 267 239
3 246 258 240
3 240 266 246
3 256 266 240
3 245 246 241
3 246 247 241
3 247 254 241
3 253 263 242
3 242 264 253
3 261 264 242
3 242 269 261
3 254 257 243
3 257 260 243
3 260 270 243
3 244 265 256
3 259 265 244
3 244 271 259
3 245 258 246
3 245 268 258
3 246 248 247
3 246 266 248
3 248 249 247
3 249 257 247
3 247 257 254
3 248 250 249
3 248 252 250
3 248 266 252
3 250 251 249
3 251 267 249
3 249 267 257
3 250 253 251
3 252 262 250
3 250 262 253
3 253 264 251
3 251 264 255
3 255 267 251
3 256 265 252
3 252 266 256
3 252 265 262
3 255 264 261
4 291 295 263 308
4 93 288 161 306
4 198 180 280 297
4 248 266 280 297
4 255 155 274 290
4 155 255 274 295
4 248 280 284 297
4 180 285 280 297
4 248 284 280 294
4 276 311 285 330
4 264 274 255 295
4 180 280 285 303
4 276 285 280 330
4 272 284 281 317
4 281 284 272 311
4 126 278 116 319
4 126 129 278 301
4 272 275 285 325
4 121 286 113 303
4 276 284 281 311
4 281 284 276 291
4 297 302 276 326
4 83 288 93 306
4 284 291 281 323
4 276 302 297 327
4 155 295 274 320
4 198 180 178 280
4 248 266 246 280
4 222 275 299 324
4 222 275 293 299
4 85 263 295 308
4 116 278 286 319
4 255 274 264 323
4 248 280 246 294
4 161 306 288 316
4 222 293 275 324
4 128 300 277 319
4 248 297 284 326
4 285 297 180 327
4 279 286 121 303
4 114 126 116 319
4 277 300 298 331
4 178 280 180 303
4 256 302 297 326
4 128 115 300 319
4 129 296 278 301
4 273 306 288 335
4 189 297 302 327
4 279 285 275 325
4 272 311 284 330
4 155 274 290 320
4 285 311 272 330
4 273 288 310 335
4 154 316 287 328
4 116 286 278 294
4 116 286 114 319
4 276 284 311 330
4 280 284 276 330
4 277 298 287 331
4 298 300 220 331
4 263 291 253 295
4 255 290 274 323
4 222 293 188 299
4 198 280 178 297
4 246 280 266 297
4 113 121 131 300
4 163 295 155 320
4 295 308 291 323
4 195 292 84 299
4 272 275 283 307
4 129 116 278 294
4 274 281 291 323
4 286 294 116 332
4 129 294 278 296
4 288 295 163 320
4 256 265 302 326
4 126 102 129 301
4 288 306 273 316
4 189 302 197 327
4 276 291 284 326
4 215 233 287 328
4 272 283 275 325
4 85 291 263 308
4 251 255 264 323
4 272 285 275 311
4 120 220 298 300
4 222 299 231 324
4 138 296 301 312
4 102 296 129 301
4 248 266 297 326
4 198 180 297 327
4 129 118 294 296
4 279 286 285 325
4 275 279 325 329
4 275 325 283 329
4 128 115 120 300
4 223 287 298 331
4 285 286 280 330
4 288 306 83 335
4 197 302 292 327
4 131 113 300 319
4 195 185 292 299
4 288 83 310 335
4 189 297 256 302
4 286 300 113 319
4 233 215 287 331
4 162 316 154 328
4 272 281 313 317
4 283 324 216 328
4 215 328 287 331
4 253 295 291 323
4 129 118 116 294
4 196 299 275 333
4 274 313 281 317
4 160 137 163 320
4 163 288 137 295
4 264 274 295 323
4 280 286 285 303
4 162 306 316 328
4 254 294 118 296
4 138 296 102 301
4 289 324 283 328
4 285 286 279 303
4 204 287 136 298
4 196 188 183 333
4 287 328 283 331
4 137 288 163 320
4 84 299 292 309
4 210 222 193 299
4 261 155 142 295
4 155 290 149 320
4 215 217 233 328
4 215 283 328 331
4 220 223 298 331
4 176 256 244 302
4 121 279 303 305
4 150 287 154 316
4 136 298 287 314
4 227 306 140 328
4 276 284 280 297
4 280 285 276 297
4 227 140 154 328
4 292 302 71 318
4 275 285 279 334
4 128 277 298 319
4 254 294 296 321
4 187 119 303 305
4 222 188 193 299
4 195 174 185 299
4 186 305 303 334
4 242 263 253 295
4 155 261 255 295
4 72 83 93 306
4 280 303 178 304
4 289 299 69 309
4 223 287 204 298
4 220 209 125 298
4 109 177 105 304
4 116 126 129 278
4 278 301 296 312
4 248 247 284 294
4 128 298 117 319
4 280 297 246 304
4 178 297 280 304
4 137 89 158 295
4 171 71 292 302
4 275 279 293 334
4 186 187 303 305
4 219 216 324 328
4 188 293 183 333
4 84 87 299 309
4 215 283 217 328
4 273 316 306 328
4 197 171 292 302
4 246 294 280 304
4 272 275 307 311
4 116 112 114 286
4 108 187 175 305
4 179 178 180 303
4 107 243 254 296
4 137 288 68 295
4 121 303 119 305
4 120 220 125 298
4 111 121 113 303
4 219 324 289 328
4 279 275 293 329
4 126 301 278 319
4 170 303 105 304
4 162 154 306 328
4 180 285 179 303
4 197 171 194 327
4 231 299 289 324
4 189 256 176 302
4 162 306 161 316
4 105 304 303 332
4 292 299 185 333
4 284 297 276 326
4 276 297 285 327
4 178 303 170 304
4 68 295 288 308
4 120 125 128 298
4 188 196 193 299
4 247 248 246 294
4 261 264 255 295
4 121 300 279 305
4 241 104 294 304
4 72 93 161 306
4 111 113 286 303
4 140 306 154 328
4 171 292 194 327
4 149 163 155 320
4 112 286 116 332
4 206 69 289 299
4 233 287 223 331
4 256 297 252 326
4 189 184 297 327
4 196 185 299 333
4 221 227 154 328
4 264 295 253 323
4 248 284 247 321
4 83 306 94 335
4 240 297 173 304
4 107 254 118 296
4 273 289 283 328
4 267 321 290 323
4 87 69 299 309
4 256 252 265 326
4 189 197 184 327
4 105 110 304 332
4 291 302 265 326
4 197 292 171 327
4 238 291 70 302
4 187 108 119 305
4 240 246 297 304
4 173 297 178 304
4 241 294 246 304
4 259 70 88 302
4 177 170 105 304
4 162 150 154 316
4 284 294 247 321
4 172 293 205 305
4 218 293 222 324
4 70 302 291 318
4 303 305 279 334
4 241 245 104 304
4 212 305 293 329
4 274 295 288 320
4 69 225 90 299
4 207 103 211 305
4 122 104 245 304
4 212 300 305 329
4 223 233 204 287
4 291 323 284 326
4 68 95 295 308
4 231 206 289 299
4 292 302 276 327
4 103 124 211 305
4 82 308 281 318
4 96 308 82 318
4 294 304 104 332
4 138 144 296 312
4 239 139 290 296
4 240 190 258 304
4 217 283 216 328
4 156 139 260 296
4 205 293 212 305
4 207 300 103 305
4 89 137 68 295
4 157 226 204 298
4 259 238 70 302
4 191 205 224 305
4 165 287 150 314
4 298 301 117 319
4 222 231 218 324
4 206 225 69 299
4 80 281 308 310
4 279 305 300 329
4 153 106 141 298
4 265 291 238 302
4 69 97 289 309
4 228 231 289 324
4 78 281 79 309
4 82 281 78 318
4 76 71 302 318
4 78 281 309 318
4 85 295 73 308
4 278 296 294 321
4 212 207 211 305
4 240 173 190 304
4 109 105 110 304
4 241 246 245 304
4 177 178 170 304
4 275 299 292 333
4 273 287 316 328
4 274 291 281 308
4 136 152 298 314
4 204 136 157 298
4 239 260 139 296
4 191 172 205 305
4 180 179 285 334
4 121 119 108 305
4 179 303 285 334
4 137 161 93 288
4 306 328 230 335
4 76 71 75 302
4 290 317 274 323
4 289 299 275 324
4 151 161 288 316
4 217 215 216 283
4 220 223 209 298
4 84 87 74 299
4 138 144 143 296
4 212 300 207 305
4 149 290 164 320
4 284 317 290 323
4 128 106 117 298
4 196 185 174 299
4 264 242 253 295
4 150 314 287 316
4 300 319 286 325
4 103 300 121 305
4 78 80 79 281
4 254 296 257 321
4 186 175 187 305
4 83 72 94 306
4 292 299 275 309
4 290 312 164 320
4 254 243 257 296
4 96 291 308 318
4 276 302 292 318
4 79 281 80 310
4 288 308 281 310
4 96 82 78 318
4 153 141 152 298
4 279 300 286 325
4 136 204 221 287
4 180 285 181 334
4 158 163 137 295
4 131 300 115 319
4 80 78 82 281
4 136 221 154 287
4 144 290 139 296
4 293 305 279 329
4 155 164 149 290
4 256 265 244 302
4 277 301 298 319
4 222 210 231 299
4 219 230 328 335
4 287 298 277 314
4 276 302 291 326
4 265 262 291 326
4 69 87 97 309
4 137 93 68 288
4 288 295 274 308
4 117 298 106 301
4 163 142 155 295
4 189 176 197 302
4 259 265 238 302
4 165 136 287 314
4 274 308 295 323
4 80 281 82 308
4 107 118 129 296
4 239 290 257 296
4 79 309 281 310
4 231 225 206 299
4 68 288 92 308
4 154 287 221 328
4 151 162 161 316
4 161 159 72 306
4 255 239 139 290
4 290 317 312 320
4 89 68 95 295
4 290 321 284 323
4 102 123 129 296
4 283 289 273 307
4 197 192 171 302
4 275 299 289 309
4 255 139 155 290
4 110 104 304 332
4 180 181 179 334
4 70 76 302 318
4 131 115 113 319
4 278 294 286 330
4 161 162 159 306
4 127 117 106 301
4 68 92 95 308
4 228 231 206 289
4 173 198 178 297
4 240 246 266 297
4 290 296 144 312
4 312 317 282 320
4 277 319 300 325
4 303 304 280 332
4 205 212 224 305
4 122 110 104 304
4 240 258 246 304
4 173 178 190 304
4 70 76 88 302
4 140 162 154 306
4 252 297 266 326
4 198 297 184 327
4 199 183 293 334
4 214 216 215 283
4 164 312 146 320
4 78 309 77 318
4 283 322 287 331
4 289 219 328 335
4 287 322 277 331
4 156 144 139 296
4 172 191 186 305
4 103 121 124 305
4 111 113 112 286
4 150 165 154 287
4 157 136 152 298
4 223 204 226 298
4 90 87 69 299
4 73 295 95 308
4 195 71 84 292
4 208 306 230 335
4 214 283 215 331
4 147 282 146 312
4 183 333 293 334
4 248 252 266 326
4 198 184 180 327
4 146 147 148 282
4 257 296 290 321
4 281 308 291 318
4 260 239 257 296
4 273 289 328 335
4 147 314 150 316
4 281 291 276 318
4 232 212 293 329
4 285 275 333 334
4 274 317 290 320
4 147 282 312 314
4 265 262 238 291
4 146 282 148 320
4 149 164 146 320
4 229 206 86 289
4 280 294 284 330
4 217 216 219 328
4 151 316 288 320
4 85 73 95 308
4 248 249 284 321
4 216 283 214 329
4 293 324 218 329
4 147 165 150 314
4 130 116 294 332
4 205 232 212 293
4 97 289 309 310
4 293 333 275 334
4 171 71 195 292
4 279 305 293 334
4 97 289 310 335
4 179 186 303 334
4 111 286 112 332
4 291 302 276 318
4 84 292 77 309
4 275 283 324 329
4 238 263 85 291
4 77 78 79 309
4 97 310 81 335
4 219 208 230 335
4 111 303 286 332
4 287 314 282 316
4 216 324 283 329
4 287 316 282 322
4 280 304 294 332
4 214 329 283 331
4 148 282 147 316
4 151 161 137 288
4 147 282 314 316
4 281 311 309 318
4 290 317 284 321
4 232 293 218 329
4 179 186 187 303
4 229 289 86 335
4 285 303 279 334
4 172 199 293 334
4 121 103 131 300
4 298 301 277 314
4 172 60 205 293
4 216 214 324 329
4 111 119 121 303
4 287 322 283 328
4 222 205 60 293
4 250 248 249 284
4 182 181 180 285
4 282 314 287 322
4 188 199 183 293
4 131 120 115 300
4 64 176 256 244
4 286 330 294 332
4 138 127 153 301
4 112 113 114 286
4 172 188 60 293
4 77 292 71 318
4 222 60 188 293
4 284 321 249 323
4 87 84 77 309
4 170 178 179 303
4 146 312 282 320
4 286 278 315 319
4 165 152 136 314
4 283 277 322 331
4 248 284 250 326
4 182 285 180 327
4 206 69 86 289
4 55 255 239 139
4 70 291 96 318
4 92 80 82 308
4 50 204 221 136
4 92 83 80 310
4 255 55 155 139
4 77 309 292 318
4 50 221 154 136
4 239 267 257 290
4 273 283 322 328
4 238 85 70 291
4 208 229 91 335
4 91 229 86 335
4 144 164 139 290
4 97 309 79 310
4 281 274 308 313
4 309 311 292 318
4 219 289 229 335
4 102 127 138 301
4 105 303 111 332
4 241 104 118 294
4 89 158 11 137
4 250 284 249 323
4 54 155 142 261
4 222 210 193 59
4 65 173 240 297
4 213 300 212 329
4 92 288 83 310
4 64 176 189 256
4 189 173 65 297
4 65 240 256 297
4 136 154 165 287
4 147 312 145 314
4 164 290 144 312
4 140 154 49 227
4 256 189 65 297
4 275 324 293 329
4 228 289 219 324
4 114 286 113 319
4 241 118 254 294
4 97 79 81 310
4 233 221 204 287
4 138 301 145 312
4 181 285 182 333
4 177 41 109 105
4 257 290 267 321
4 228 219 216 324
4 130 112 116 332
4 241 247 246 294
4 248 247 249 321
4 172 186 199 334
4 274 291 308 323
4 233 221 287 328
4 170 187 119 303
4 110 105 111 332
4 145 147 146 312
4 39 108 187 175
4 218 232 222 293
4 75 71 21 192
4 31 138 143 123
4 278 296 290 312
4 230 306 227 328
4 170 119 105 303
4 281 276 311 318
4 193 188 222 59
4 261 54 155 255
4 154 49 227 221
4 83 94 310 335
4 301 315 278 319
4 288 308 274 313
4 207 120 103 300
4 208 219 229 335
4 145 301 153 314
4 314 315 277 322
4 273 316 287 322
4 275 283 307 324
4 255 267 239 290
4 77 71 76 318
4 286 303 280 332
4 130 294 104 332
4 220 120 207 300
4 289 307 283 324
4 118 130 116 294
4 194 327 292 333
4 272 281 307 313
4 181 285 333 334
4 83 68 93 288
4 282 312 301 315
4 281 308 288 313
4 272 307 283 322
4 209 133 125 298
4 290 296 278 321
4 287 314 277 322
4 155 139 164 290
4 69 97 86 289
4 221 230 227 328
4 152 145 153 314
4 282 316 148 320
4 76 70 96 318
4 285 275 311 333
4 325 329 300 331
4 272 307 281 311
4 202 74 100 299
4 294 321 284 330
4 141 133 167 298
4 133 209 236 298
4 123 143 166 296
4 213 300 329 331
4 272 282 313 322
4 135 123 166 296
4 86 289 97 335
4 247 294 254 321
4 177 41 105 170
4 210 193 202 299
4 282 312 315 317
4 301 312 282 314
4 269 261 142 295
4 282 301 314 315
4 84 74 19 195
4 282 272 315 322
4 282 315 314 322
4 237 100 225 299
4 184 198 189 297
4 256 266 252 297
4 108 187 119 39
4 275 307 289 324
4 34 107 243 254
4 107 270 243 296
4 158 89 101 295
4 11 89 137 68
4 270 107 135 296
4 118 35 104 241
4 36 122 104 245
4 168 158 101 295
4 283 307 273 322
4 117 301 126 319
4 213 220 300 331
4 276 285 311 327
4 210 202 237 299
4 96 70 85 291
4 101 73 269 295
4 269 142 168 295
4 270 135 166 296
4 270 166 260 296
4 272 284 317 330
4 300 325 279 329
4 74 174 19 195
4 124 103 211 46
4 45 103 207 120
4 150 148 147 316
4 272 313 282 317
4 283 272 322 325
4 167 236 226 298
4 35 118 254 241
4 240 258 190 66
4 98 75 192 302
4 100 237 202 299
4 94 81 310 335
4 70 16 259 88
4 233 223 215 331
4 185 171 195 292
4 271 259 98 302
4 225 100 90 299
4 278 315 312 317
4 133 236 167 298
4 177 109 200 304
4 269 168 101 295
4 191 205 61 224
4 282 315 272 317
4 139 260 56 156
4 145 312 301 314
4 98 192 203 302
4 156 260 166 296
4 220 45 207 120
4 200 109 132 304
4 26 90 69 225
4 283 322 277 325
4 181 333 183 334
4 203 244 271 302
4 275 292 309 311
4 204 226 157 51
4 273 307 289 310
4 259 88 98 302
4 71 171 21 192
4 138 31 102 123
4 130 104 110 332
4 167 226 157 298
4 272 315 325 330
4 194 292 185 333
4 262 323 291 326
4 220 209 44 125
4 203 176 244 302
4 108 175 201 305
4 213 207 212 300
4 34 107 254 118
4 108 201 134 305
4 245 104 36 241
4 144 138 145 312
4 284 321 317 330
4 207 211 103 46
4 277 315 319 325
4 275 309 307 311
4 275 289 307 309
4 185 194 171 292
4 98 203 271 302
4 170 187 40 119
4 250 284 323 326
4 190 173 240 66
4 288 313 274 320
4 91 306 208 335
4 245 268 122 304
4 286 319 315 325
4 229 219 206 289
4 85 263 14 73
4 218 324 214 329
4 278 317 321 330
4 285 327 182 333
4 205 191 61 172
4 268 132 122 304
4 190 200 268 304
4 260 139 56 239
4 126 117 102 301
4 286 325 315 330
4 51 157 204 136
4 235 91 99 306
4 278 312 290 317
4 40 105 170 119
4 94 81 83 310
4 174 74 202 299
4 106 133 141 298
4 301 312 278 315
4 213 223 220 331
4 278 321 294 330
4 277 314 301 315
4 289 273 310 335
4 84 71 77 292
4 273 310 288 313
4 234 211 124 305
4 281 307 309 311
4 292 311 275 333
4 278 317 290 321
4 190 268 258 304
4 191 234 201 305
4 68 83 92 288
4 234 124 134 305
4 132 268 200 304
4 16 259 238 70
4 242 14 263 73
4 281 309 307 310
4 288 316 313 320
4 125 44 220 120
4 206 26 69 225
4 269 73 242 295
4 234 191 224 305
4 251 250 249 323
4 153 138 30 127
4 273 322 287 328
4 273 313 288 316
4 169 99 159 306
4 277 283 325 331
4 161 93 10 137
4 156 143 144 296
4 238 253 263 291
4 234 134 201 305
4 117 127 102 301
4 281 288 310 313
4 137 93 10 68
4 253 291 262 323
4 228 206 219 289
4 195 20 84 71
4 75 88 76 302
4 216 214 218 324
4 104 130 118 294
4 74 87 90 299
4 209 223 226 298
4 235 140 227 306
4 311 327 285 333
4 152 141 157 298
4 24 86 91 229
4 257 243 260 296
4 286 315 278 330
4 109 110 122 304
4 245 246 258 304
4 177 190 178 304
4 277 325 300 331
4 149 146 148 320
4 212 211 224 305
4 199 181 183 334
4 214 213 212 329
4 20 195 171 71
4 138 102 30 127
4 169 140 235 306
4 208 24 91 229
4 257 247 254 321
4 273 313 316 322
4 273 307 310 313
4 9 159 72 161
4 108 124 121 305
4 191 175 186 305
4 292 311 276 318
4 252 248 250 326
4 182 180 184 327
4 86 97 81 335
4 282 313 316 320
4 182 327 194 333
4 307 309 289 310
4 273 328 306 335
4 183 181 182 333
4 235 208 91 306
4 292 327 311 333
4 169 235 99 306
4 232 218 214 329
4 286 280 330 332
4 93 9 72 161
4 294 330 280 332
4 282 316 313 322
4 262 253 238 291
4 276 311 292 327
4 172 199 188 293
4 145 138 153 301
4 131 103 120 300
4 261 242 264 295
4 193 196 174 299
4 91 94 306 335
4 125 106 128 298
4 95 82 85 308
4 281 310 307 313
4 170 179 187 303
4 81 79 80 310
4 72 159 99 306
4 213 329 214 331
4 272 313 307 322
4 277 322 315 325
4 277 315 301 319
4 205 222 232 293
4 283 329 325 331
4 250 323 262 326
4 111 105 119 303
4 315 322 272 325
4 129 123 107 296
4 231 210 225 299
4 115 128 117 319
4 89 95 73 295
4 156 166 143 296
4 158 142 163 295
4 259 244 265 302
4 135 107 123 296
4 114 113 115 319
4 241 254 247 294
4 233 217 221 328
4 307 313 273 322
4 260 243 270 296
4 210 237 225 299
4 173 189 198 297
4 240 266 256 297
4 197 176 192 302
4 168 142 158 295
4 101 89 73 295
4 100 74 90 299
4 157 141 167 298
4 226 236 209 298
4 133 209 125 43
4 114 117 126 319
4 230 208 227 306
4 42 200 177 109
4 271 244 259 302
4 91 94 72 306
4 200 42 132 109
4 98 88 75 302
4 201 175 108 38
4 38 108 201 134
4 43 133 209 236
4 182 194 185 333
4 192 176 203 302
4 174 202 193 299
4 269 242 261 295
4 106 125 133 298
4 87 77 79 309
4 179 181 186 334
4 99 235 23 91
4 159 162 140 306
4 220 207 213 300
4 122 132 109 304
4 258 268 245 304
4 177 200 190 304
4 269 53 142 261
4 210 193 58 202
4 78 77 76 318
4 192 22 75 98
4 123 143 32 166
4 37 122 245 268
4 234 224 211 305
4 270 33 107 243
4 141 28 167 133
4 18 100 202 74
4 87 79 97 309
4 81 80 83 310
4 211 47 234 124
4 250 253 262 323
4 270 33 135 107
4 63 271 203 244
4 269 53 168 142
4 237 210 58 202
4 190 67 268 200
4 268 37 122 132
4 12 158 89 101
4 191 201 175 305
4 108 134 124 305
4 158 12 168 101
4 225 237 27 100
4 259 98 17 271
4 192 203 22 98
4 32 135 123 166
4 191 234 62 201
4 219 230 217 328
4 163 149 160 320
4 226 167 52 236
4 134 234 47 124
4 166 260 57 270
4 176 63 203 244
4 159 140 169 306
4 258 190 67 268
4 48 235 140 227
4 17 98 259 88
4 234 191 62 224
4 260 166 57 156
4 225 27 90 100
4 167 226 52 157
4 252 262 265 326
4 197 194 184 327
4 264 253 251 323
4 185 196 183 333
4 91 235 23 208
4 169 48 235 140
4 13 73 269 101
4 256 189 64 65
4 154 49 221 50
4 147 145 152 314
4 188 60 222 59
4 54 55 155 255
4 315 317 278 330
4 272 317 315 330
4 28 141 106 133
4 232 214 212 329
4 174 18 202 74
4 228 218 231 324
4 91 86 94 335
4 235 227 208 306
4 92 82 95 308
4 72 99 91 306
4 111 112 110 332
4 99 8 169 159
4 73 242 13 269
4 145 146 144 312
4 164 144 146 312
4 213 214 215 331
4 249 257 267 321
4 147 152 165 314
4 215 223 213 331
4 78 76 96 318
4 159 99 8 72
4 42 177 41 109
4 249 247 257 321
4 94 86 81 335
4 175 39 108 38
4 162 151 150 316
4 217 230 221 328
4 148 160 149 320
4 36 122 245 37
4 228 216 218 324
4 211 47 124 46
4 151 148 150 316
4 250 262 252 326
4 184 194 182 327
4 181 199 186 334
4 117 114 115 319
4 173 65 240 66
4 0 269 168 101
4 100 237 3 202
4 5 167 133 236
4 132 268 6 200
4 134 201 7 234
4 98 203 2 271
4 4 135 166 270
4 21 22 75 192
4 32 31 143 123
4 235 1 169 99
4 172 60 61 205
4 55 239 56 139
4 50 51 204 136
4 118 254 34 35
4 29 28 141 106
4 174 19 18 74
4 45 220 44 120
4 258 190 66 67
4 183 182 185 333
4 191 61 62 224
4 260 56 156 57
4 250 251 253 323
4 226 157 51 52
4 158 11 12 89
4 187 40 119 39
4 137 10 11 68
4 259 16 17 88
4 209 44 125 43
4 26 27 90 225
4 8 9 159 72
4 35 36 104 241
4 46 103 207 45
4 41 105 170 40
4 107 33 34 243
4 238 15 16 70
4 54 142 53 261
4 59 210 193 58
4 25 26 69 206
4 21 20 171 71
4 102 30 31 138
4 110 112 130 332
4 14 15 263 85
4 24 25 86 229
4 176 64 63 244
4 91 23 24 208
4 49 48 140 227
4 13 14 242 73
4 237 58 3 202
4 43 5 133 236
4 0 269 53 168
4 268 67 6 200
4 42 132 6 200
4 268 6 37 132
4 271 203 2 63
4 38 201 7 134
4 2 17 98 271
4 135 4 33 270
4 203 2 22 98
4 4 166 57 270
4 168 12 0 101
4 234 201 7 62
4 7 134 234 47
4 32 4 135 166
4 236 5 167 52
4 237 3 27 100
4 48 1 169 235
4 153 30 29 127
4 84 19 20 195
4 167 28 5 133
4 100 3 18 202
4 23 1 235 99
4 0 13 269 101
4 169 1 8 99
4 93 10 9 161
4 286 121 300 279
4 286 300 121 113
4 300 128 298 120
4 300 298 128 277
4 333 188 275 196
4 333 275 188 293
4 299 275 188 196
4 299 188 275 293
4 320 137 151 160
4 320 151 137 288
4 106 301 153 127
4 153 301 106 298
4 267 323 255 251
4 255 323 267 290
4 323 267 249 251
4 323 249 267 321
4 325 330 285 272
4 285 330 325 286
4 138 123 296 143
4 296 123 138 102
4 71 192 302 171
4 302 192 71 75
4 73 263 295 85
4 73 295 263 242
4 334 172 305 293
4 334 305 172 186
4 308 96 85 291
4 308 85 96 82
4 310 92 308 80
4 310 308 92 288
4 85 238 15 263
4 85 15 238 70
4 320 151 148 160
4 320 148 151 316
4 206 86 25 229
4 206 25 86 69
4 323 317 281 284
4 323 281 317 274
4 153 314 298 152
4 298 314 153 301
4 74 195 299 174
4 299 195 74 84
4 320 317 313 274
4 320 313 317 282
4 153 106 29 141
4 29 106 153 127

CELL_TYPES 1725
1
1
1
1
1
1
1
1
3
3
3
3
3
3
3
3
3
3
3
3
3
3
3
3
3
3
3
3
3
3
3
3
3
3
3
3
3
3
3
3
3
3
3
3
3
3
3
3
3
3
3
3
3
3
3
3
3
3
3
3
3
3
3
3
3
3
3
3
3
3
3
3
3
3
3
3
3
3
3
3
5
5
5
5
5
5
5
5
5
5
5
5
5
5
5
5
5
5
5
5
5
5
5
5
5
5
5
5
5
5
5
5
5
5
5
5
5
5
5
5
5
5
5
5
5
5
5
5
5
5
5
5
5
5
5
5
5
5
5
5
5
5
5
5
5
5
5
5
5
5
5
5
5
5
5
5
5
5
5
5
5
5
5
5
5
5
5
5
5
5
5
5
5
5
5
5
5
5
5
5
5
5
5
5
5
5
5
5
5
5
5
5
5
5
5
5
5
5
5
5
5
5
5
5
5
5
5
5
5
5
5
5
5
5
5
5
5
5
5
5
5
5
5
5
5
5
5
5
5
5
5
5
5
5
5
5
5
5
5
5
5
5
5
5
5
5
5
5
5
5
5
5
5
5
5
5
5
5
5
5
5
5
5
5
5
5
5
5
5
5
5
5
5
5
5
5
5
5
5
5
5
5
5
5
5
5
5
5
5
5
5
5
5
5
5
5
5
5
5
5
5
5
5
5
5
5
5
5
5
5
5
5
5
5
5
5
5
5
5
5
5
5
5
5
5
5
5
5
5
5
5
5
5
5
5
5
5
5
5
5
5
5
5
5
5
5
5
5
5
5
5
5
5
5
5
5
5
5
5
5
5
5
5
5
5
5
5
5
5
5
5
5
5
5
5
5
5
5
5
5
5
5
5
5
5
5
5
5
5
5
5
5
5
5
5
5
5
5
5
5
5
5
5
5
5
5
5
5
5
5
5
5
5
5
5
5
5
5
5
5
5
5
5
5
5
5
5
5
5
5
5
5
5
5
5
5
5
5
5
5
5
5
5
5
5
5
5
5
5
5
5
5
5
5
5
5
5
5
5
5
5
5
5
5
5
5
5
5
5
5
5
5
5
5
5
5
5
5
5
5
5
5
5
5
5
5
5
5
5
5
5
5
5
5
5
5
5
5
5
5
5
5
5
5
5
5
5
5
5
5
5
5
5
5
5
5
5
5
5
5
5
5
5
5
5
5
5
5
5
5
5
5
5
5
5
5
5
5
5
5
5
5
5
5
5
5
5
5
5
5
5
5
5
5
5
5
5
5
5
5
5
5
5
5
5
5
5
5
5
5
5
5
5
5
5
5
5
5
5
5
5
5
5
5
5
5
5
5
5
5
5
5
5
5
5
5
5
5
5
5
5
5
5
5
5
5
5
5
5
5
5
5
5
5
5
5
5
5
5
5
10
10
10
10
10
10
10
10
10
10
10
10
10
10
10
10
10
10
10
10
10
10
10
10
10
10
10
10
10
10
10
10
10
10
10
10
10
10
10
10
10
10
10
10
10
10
10
10
10
10
10
10
10
10
10
10
10
10
10
10
10
10
10
10
10
10
10
10
10
10
10
10
10
10
10
10
10
10
10
10
10
10
10
10
10
10
10
10
10
10
10
10
10
10
10
10
10
10
10
10
10
10
10
10
10
10
10
10
10
10
10
10
10
10
10
10
10
10
10
10
10
10
10
10
10
10
10
10
10
10
10
10
10
10
10
10
10
10
10
10
10
10
10
10
10
10
10
10
10
10
10
10
10
10
10
10
10
10
10
10
10
10
10
10
10
10
10
10
10
10
10
10
10
10
10
10
10
10
10
10
10
10
10
10
10
10
10
10
10
10
10
10
10
10
10
10
10
10
10
10
10
10
10
10
10
10
10
10
10
10
10
10
10
10
10
10
10
10
10
10
10
10
10
10
10
10
10
10
10
10
10
10
10
10
10
10
10
10
10
10
10
10
10
10
10
10
10
10
10
10
10
10
10
10
10
10
10
10
10
10
10
10
10
10
10
10
10
10
10
10
10
10
10
10
10
10
10
10
10
10
10
10
10
10
10
10
10
10
10
10
10
10
10
10
10
10
10
10
10
10
10
10
10
10
10
10
10
10
10
10
10
10
10
10
10
10
10
10
10
10
10
10
10
10
10
10
10
10
10
10
10
10
10
10
10
10
10
10
10
10
10
10
10
10
10
10
10
10
10
10
10
10
10
10
10
10
10
10
10
10
10
10
10
10
10
10
10
10
10
10
10
10
10
10
10
10
10
10
10
10
10
10
10
10
10
10
10
10
10
10
10
10
10
10
10
10
10
10
10
10
10
10
10
10
10
10
10
10
10
10
10
10
10
10
10
10
10
10
10
10
10
10
10
10
10
10
10
10
10
10
10
10
10
10
10
10
10
10
10
10
10
10
10
10
10
10
10
10
10
10
10
10
10
10
10
10
10
10
10
10
10
10
10
10
10
10
10
10
10
10
10
10
10
10
10
10
10
10
10
10
10
10
10
10
10
10
10
10
10
10
10
10
10
10
10
10
10
10
10
10
10
10
10
10
10
10
10
10
10
10
10
10
10
10
10
10
10
10
10
10
10
10
10
10
10
10
10
10
10
10
10
10
10
10
10
10
10
10
10
10
10
10
10
10
10
10
10
10
10
10
10
10
10
10
10
10
10
10
10
10
10
10
10
10
10
10
10
10
10
10
10
10
10
10
10
10
10
10
10
10
10
10
10
10
10
10
10
10
10
10
10
10
10
10
10
10
10
10
10
10
10
10
10
10
10
10
10
10
10
10
10
10
10
10
10
10
10
10
10
10
10
10
10
10
10
10
10
10
10
10
10
10
10
10
10
10
10
10
10
10
10
10
10
10
10
10
10
10
10
10
10
10
10
10
10
10
10
10
10
10
10
10
10
10
10
10
10
10
10
10
10
10
10
10
10
10
10
10
10
10
10
10
10
10
10
10
10
10
10
10
10
10
10
10
10
10
10
10
10
10
10
10
10
10
10
10
10
10
10
10
10
10
10
10
10
10
10
10
10
10
10
10
10
10
10
10
10
10
10
10
10
10
10
10
10
10
10
10
10
10
10
10
10
10
10
10
10
10
10
10
10
10
10
10
10
10
10
10
10
10
10
10
10
10
10
10
10
10
10
10
10
10
10
10
10
10
10
10
10
10
10
10
10
10
10
10
10
10
10
10
10
10
10
10
10
10
10
10
10
10
10
10
10
10
10
10
10
10
10
10
10
10
10
10
10
10
10
10
10
10
10
10
10
10
10
10
10
10
10
10
10
10
10
10
10
10
10
10
10
10
10
10
10
10
10
10
10
10
10
10
10
10
10
10
10
10
10
10
10
10
10
10
10
10
10
10
10
10
10
10
10
10
10
10
10
10
10
10
10
10
10
10
10
10
10
10
10
10
10
10
10
10
10
10
10
10
10
10
10
10
10
10
10
10
10
10
10
10
10
10
10
10
10
10
10
10
10
10
10
10
10
10
10
10
10
10
10
10
10
10
10
10
10
10
10
10
10
10
10
10
10
10
10
10
10
10
10
10
10
10
10
10
10
10
10
10
10
10
10
10
10
10
10
10
10
10
10
10
10
10
10
10
10
10
10
10
10
10
10
10
10
10
10
10
10
10
10
10
10
10
10
10
10
10
10
10
10
10
10
10
10
10
10
10
10
10
10
10
10
10
10
10
10
10
10
10
10
10
10
10
10
10
10
10
10
10
10
10
10
10
10
10
10
10
10
10
10
10
10
10
10
10
10
10
10
10
10
10
10
10
10
10
10
10
10
10
10
10
10
10
10
10
10
10
10
10
10
10
10
10
10
10
10
10
10
10
10
10
10
10
10
10
10
10
10
10
10
10
10
10
10
10
10
10
10
10
10
10
10
10
10
10
10
10
10
