NDIME= 3
NELEM= 1105
10 291 295 263 308 0
10 93 288 161 306 1
10 198 180 280 297 2
10 248 266 280 297 3
10 255 155 274 290 4
10 155 255 274 295 5
10 248 280 284 297 6
10 180 285 280 297 7
10 248 284 280 294 8
10 276 311 285 330 9
10 264 274 255 295 10
10 180 280 285 303 11
10 276 285 280 330 12
10 272 284 281 317 13
10 281 284 272 311 14
10 126 278 116 319 15
10 126 129 278 301 16
10 272 275 285 325 17
10 121 286 113 303 18
10 276 284 281 311 19
10 281 284 276 291 20
10 297 302 276 326 21
10 83 288 93 306 22
10 284 291 281 323 23
10 276 302 297 327 24
10 155 295 274 320 25
10 198 180 178 280 26
10 248 266 246 280 27
10 222 275 299 324 28
10 222 275 293 299 29
10 85 263 295 308 30
10 116 278 286 319 31
10 255 274 264 323 32
10 248 280 246 294 33
10 161 306 288 316 34
10 222 293 275 324 35
10 128 300 277 319 36
10 248 297 284 326 37
10 285 297 180 327 38
10 279 286 121 303 39
10 114 126 116 319 40
10 277 300 298 331 41
10 178 280 180 303 42
10 256 302 297 326 43
10 128 115 300 319 44
10 129 296 278 301 45
10 273 306 288 335 46
10 189 297 302 327 47
10 279 285 275 325 48
10 272 311 284 330 49
10 155 274 290 320 50
10 285 311 272 330 51
10 273 288 310 335 52
10 154 316 287 328 53
10 116 286 278 294 54
10 116 286 114 319 55
10 276 284 311 330 56
10 280 284 276 330 57
10 277 298 287 331 58
10 298 300 220 331 59
10 263 291 253 295 60
10 255 290 274 323 61
10 222 293 188 299 62
10 198 280 178 297 63
10 246 280 266 297 64
10 113 121 131 300 65
10 163 295 155 320 66
10 295 308 291 323 67
10 195 292 84 299 68
10 272 275 283 307 69
10 129 116 278 294 70
10 274 281 291 323 71
10 286 294 116 332 72
10 129 294 278 296 73
10 288 295 163 320 74
10 256 265 302 326 75
10 126 102 129 301 76
10 288 306 273 316 77
10 189 302 197 327 78
10 276 291 284 326 79
10 215 233 287 328 80
10 272 283 275 325 81
10 85 291 263 308 82
10 251 255 264 323 83
10 272 285 275 311 84
10 120 220 298 300 85
10 222 299 231 324 86
10 138 296 301 312 87
10 102 296 129 301 88
10 248 266 297 326 89
10 198 180 297 327 90
10 129 118 294 296 91
10 279 286 285 325 92
10 275 279 325 329 93
10 275 325 283 329 94
10 128 115 120 300 95
10 223 287 298 331 96
10 285 286 280 330 97
10 288 306 83 335 98
10 197 302 292 327 99
10 131 113 300 319 100
10 195 185 292 299 101
10 288 83 310 335 102
10 189 297 256 302 103
10 286 300 113 319 104
10 233 215 287 331 105
10 162 316 154 328 106
10 272 281 313 317 107
10 283 324 216 328 108
10 215 328 287 331 109
10 253 295 291 323 110
10 129 118 116 294 111
10 196 299 275 333 112
10 274 313 281 317 113
10 160 137 163 320 114
10 163 288 137 295 115
10 264 274 295 323 116
10 280 286 285 303 117
10 162 306 316 328 118
10 254 294 118 296 119
10 138 296 102 301 120
10 289 324 283 328 121
10 285 286 279 303 122
10 204 287 136 298 123
10 196 188 183 333 124
10 287 328 283 331 125
10 137 288 163 320 126
10 84 299 292 309 127
10 210 222 193 299 128
10 261 155 142 295 129
10 155 290 149 320 130
10 215 217 233 328 131
10 215 283 328 331 132
10 220 223 298 331 133
10 176 256 244 302 134
10 121 279 303 305 135
10 150 287 154 316 136
10 136 298 287 314 137
10 227 306 140 328 138
10 276 284 280 297 139
10 280 285 276 297 140
10 227 140 154 328 141
10 292 302 71 318 142
10 275 285 279 334 143
10 128 277 298 319 144
10 254 294 296 321 145
10 187 119 303 305 146
10 222 188 193 299 147
10 195 174 185 299 148
10 186 305 303 334 149
10 242 263 253 295 150
10 155 261 255 295 151
10 72 83 93 306 152
10 280 303 178 304 153
10 289 299 69 309 154
10 223 287 204 298 155
10 220 209 125 298 156
10 109 177 105 304 157
10 116 126 129 278 158
10 278 301 296 312 159
10 248 247 284 294 160
10 128 298 117 319 161
10 280 297 246 304 162
10 178 297 280 304 163
10 137 89 158 295 164
10 171 71 292 302 165
10 275 279 293 334 166
10 186 187 303 305 167
10 219 216 324 328 168
10 188 293 183 333 169
10 84 87 299 309 170
10 215 283 217 328 171
10 273 316 306 328 172
10 197 171 292 302 173
10 246 294 280 304 174
10 272 275 307 311 175
10 116 112 114 286 176
10 108 187 175 305 177
10 179 178 180 303 178
10 107 243 254 296 179
10 137 288 68 295 180
10 121 303 119 305 181
10 120 220 125 298 182
10 111 121 113 303 183
10 219 324 289 328 184
10 279 275 293 329 185
10 126 301 278 319 186
10 170 303 105 304 187
10 162 154 306 328 188
10 180 285 179 303 189
10 197 171 194 327 190
10 231 299 289 324 191
10 189 256 176 302 192
10 162 306 161 316 193
10 105 304 303 332 194
10 292 299 185 333 195
10 284 297 276 326 196
10 276 297 285 327 197
10 178 303 170 304 198
10 68 295 288 308 199
10 120 125 128 298 200
10 188 196 193 299 201
10 247 248 246 294 202
10 261 264 255 295 203
10 121 300 279 305 204
10 241 104 294 304 205
10 72 93 161 306 206
10 111 113 286 303 207
10 140 306 154 328 208
10 171 292 194 327 209
10 149 163 155 320 210
10 112 286 116 332 211
10 206 69 289 299 212
10 233 287 223 331 213
10 256 297 252 326 214
10 189 184 297 327 215
10 196 185 299 333 216
10 221 227 154 328 217
10 264 295 253 323 218
10 248 284 247 321 219
10 83 306 94 335 220
10 240 297 173 304 221
10 107 254 118 296 222
10 273 289 283 328 223
10 267 321 290 323 224
10 87 69 299 309 225
10 256 252 265 326 226
10 189 197 184 327 227
10 105 110 304 332 228
10 291 302 265 326 229
10 197 292 171 327 230
10 238 291 70 302 231
10 187 108 119 305 232
10 240 246 297 304 233
10 173 297 178 304 234
10 241 294 246 304 235
10 259 70 88 302 236
10 177 170 105 304 237
10 162 150 154 316 238
10 284 294 247 321 239
10 172 293 205 305 240
10 218 293 222 324 241
10 70 302 291 318 242
10 303 305 279 334 243
10 241 245 104 304 244
10 212 305 293 329 245
10 274 295 288 320 246
10 69 225 90 299 247
10 207 103 211 305 248
10 122 104 245 304 249
10 212 300 305 329 250
10 223 233 204 287 251
10 291 323 284 326 252
10 68 95 295 308 253
10 231 206 289 299 254
10 292 302 276 327 255
10 103 124 211 305 256
10 82 308 281 318 257
10 96 308 82 318 258
10 294 304 104 332 259
10 138 144 296 312 260
10 239 139 290 296 261
10 240 190 258 304 262
10 217 283 216 328 263
10 156 139 260 296 264
10 205 293 212 305 265
10 207 300 103 305 266
10 89 137 68 295 267
10 157 226 204 298 268
10 259 238 70 302 269
10 191 205 224 305 270
10 165 287 150 314 271
10 298 301 117 319 272
10 222 231 218 324 273
10 206 225 69 299 274
10 80 281 308 310 275
10 279 305 300 329 276
10 153 106 141 298 277
10 265 291 238 302 278
10 69 97 289 309 279
10 228 231 289 324 280
10 78 281 79 309 281
10 82 281 78 318 282
10 76 71 302 318 283
10 78 281 309 318 284
10 85 295 73 308 285
10 278 296 294 321 286
10 212 207 211 305 287
10 240 173 190 304 288
10 109 105 110 304 289
10 241 246 245 304 290
10 177 178 170 304 291
10 275 299 292 333 292
10 273 287 316 328 293
10 274 291 281 308 294
10 136 152 298 314 295
10 204 136 157 298 296
10 239 260 139 296 297
10 191 172 205 305 298
10 180 179 285 334 299
10 121 119 108 305 300
10 179 303 285 334 301
10 137 161 93 288 302
10 306 328 230 335 303
10 76 71 75 302 304
10 290 317 274 323 305
10 289 299 275 324 306
10 151 161 288 316 307
10 217 215 216 283 308
10 220 223 209 298 309
10 84 87 74 299 310
10 138 144 143 296 311
10 212 300 207 305 312
10 149 290 164 320 313
10 284 317 290 323 314
10 128 106 117 298 315
10 196 185 174 299 316
10 264 242 253 295 317
10 150 314 287 316 318
10 300 319 286 325 319
10 103 300 121 305 320
10 78 80 79 281 321
10 254 296 257 321 322
10 186 175 187 305 323
10 83 72 94 306 324
10 292 299 275 309 325
10 290 312 164 320 326
10 254 243 257 296 327
10 96 291 308 318 328
10 276 302 292 318 329
10 79 281 80 310 330
10 288 308 281 310 331
10 96 82 78 318 332
10 153 141 152 298 333
10 279 300 286 325 334
10 136 204 221 287 335
10 180 285 181 334 336
10 158 163 137 295 337
10 131 300 115 319 338
10 80 78 82 281 339
10 136 221 154 287 340
10 144 290 139 296 341
10 293 305 279 329 342
10 155 164 149 290 343
10 256 265 244 302 344
10 277 301 298 319 345
10 222 210 231 299 346
10 219 230 328 335 347
10 287 298 277 314 348
10 276 302 291 326 349
10 265 262 291 326 350
10 69 87 97 309 351
10 137 93 68 288 352
10 288 295 274 308 353
10 117 298 106 301 354
10 163 142 155 295 355
10 189 176 197 302 356
10 259 265 238 302 357
10 165 136 287 314 358
10 274 308 295 323 359
10 80 281 82 308 360
10 107 118 129 296 361
10 239 290 257 296 362
10 79 309 281 310 363
10 231 225 206 299 364
10 68 288 92 308 365
10 154 287 221 328 366
10 151 162 161 316 367
10 161 159 72 306 368
10 255 239 139 290 369
10 290 317 312 320 370
10 89 68 95 295 371
10 290 321 284 323 372
10 102 123 129 296 373
10 283 289 273 307 374
10 197 192 171 302 375
10 275 299 289 309 376
10 255 139 155 290 377
10 110 104 304 332 378
10 180 181 179 334 379
10 70 76 302 318 380
10 131 115 113 319 381
10 278 294 286 330 382
10 161 162 159 306 383
10 127 117 106 301 384
10 68 92 95 308 385
10 228 231 206 289 386
10 173 198 178 297 387
10 240 246 266 297 388
10 290 296 144 312 389
10 312 317 282 320 390
10 277 319 300 325 391
10 303 304 280 332 392
10 205 212 224 305 393
10 122 110 104 304 394
10 240 258 246 304 395
10 173 178 190 304 396
10 70 76 88 302 397
10 140 162 154 306 398
10 252 297 266 326 399
10 198 297 184 327 400
10 199 183 293 334 401
10 214 216 215 283 402
10 164 312 146 320 403
10 78 309 77 318 404
10 283 322 287 331 405
10 289 219 328 335 406
10 287 322 277 331 407
10 156 144 139 296 408
10 172 191 186 305 409
10 103 121 124 305 410
10 111 113 112 286 411
10 150 165 154 287 412
10 157 136 152 298 413
10 223 204 226 298 414
10 90 87 69 299 415
10 73 295 95 308 416
10 195 71 84 292 417
10 208 306 230 335 418
10 214 283 215 331 419
10 147 282 146 312 420
10 183 333 293 334 421
10 248 252 266 326 422
10 198 184 180 327 423
10 146 147 148 282 424
10 257 296 290 321 425
10 281 308 291 318 426
10 260 239 257 296 427
10 273 289 328 335 428
10 147 314 150 316 429
10 281 291 276 318 430
10 232 212 293 329 431
10 285 275 333 334 432
10 274 317 290 320 433
10 147 282 312 314 434
10 265 262 238 291 435
10 146 282 148 320 436
10 149 164 146 320 437
10 229 206 86 289 438
10 280 294 284 330 439
10 217 216 219 328 440
10 151 316 288 320 441
10 85 73 95 308 442
10 248 249 284 321 443
10 216 283 214 329 444
10 293 324 218 329 445
10 147 165 150 314 446
10 130 116 294 332 447
10 205 232 212 293 448
10 97 289 309 310 449
10 293 333 275 334 450
10 171 71 195 292 451
10 279 305 293 334 452
10 97 289 310 335 453
10 179 186 303 334 454
10 111 286 112 332 455
10 291 302 276 318 456
10 84 292 77 309 457
10 275 283 324 329 458
10 238 263 85 291 459
10 77 78 79 309 460
10 97 310 81 335 461
10 219 208 230 335 462
10 111 303 286 332 463
10 287 314 282 316 464
10 216 324 283 329 465
10 287 316 282 322 466
10 280 304 294 332 467
10 214 329 283 331 468
10 148 282 147 316 469
10 151 161 137 288 470
10 147 282 314 316 471
10 281 311 309 318 472
10 290 317 284 321 473
10 232 293 218 329 474
10 179 186 187 303 475
10 229 289 86 335 476
10 285 303 279 334 477
10 172 199 293 334 478
10 121 103 131 300 479
10 298 301 277 314 480
10 172 60 205 293 481
10 216 214 324 329 482
10 111 119 121 303 483
10 287 322 283 328 484
10 222 205 60 293 485
10 250 248 249 284 486
10 182 181 180 285 487
10 282 314 287 322 488
10 188 199 183 293 489
10 131 120 115 300 490
10 64 176 256 244 491
10 286 330 294 332 492
10 138 127 153 301 493
10 112 113 114 286 494
10 172 188 60 293 495
10 77 292 71 318 496
10 222 60 188 293 497
10 284 321 249 323 498
10 87 84 77 309 499
10 170 178 179 303 500
10 146 312 282 320 501
10 286 278 315 319 502
10 165 152 136 314 503
10 283 277 322 331 504
10 248 284 250 326 505
10 182 285 180 327 506
10 206 69 86 289 507
10 55 255 239 139 508
10 70 291 96 318 509
10 92 80 82 308 510
10 50 204 221 136 511
10 92 83 80 310 512
10 255 55 155 139 513
10 77 309 292 318 514
10 50 221 154 136 515
10 239 267 257 290 516
10 273 283 322 328 517
10 238 85 70 291 518
10 208 229 91 335 519
10 91 229 86 335 520
10 144 164 139 290 521
10 97 309 79 310 522
10 281 274 308 313 523
10 309 311 292 318 524
10 219 289 229 335 525
10 102 127 138 301 526
10 105 303 111 332 527
10 241 104 118 294 528
10 89 158 11 137 529
10 250 284 249 323 530
10 54 155 142 261 531
10 222 210 193 59 532
10 65 173 240 297 533
10 213 300 212 329 534
10 92 288 83 310 535
10 64 176 189 256 536
10 189 173 65 297 537
10 65 240 256 297 538
10 136 154 165 287 539
10 147 312 145 314 540
10 164 290 144 312 541
10 140 154 49 227 542
10 256 189 65 297 543
10 275 324 293 329 544
10 228 289 219 324 545
10 114 286 113 319 546
10 241 118 254 294 547
10 97 79 81 310 548
10 233 221 204 287 549
10 138 301 145 312 550
10 181 285 182 333 551
10 177 41 109 105 552
10 257 290 267 321 553
10 228 219 216 324 554
10 130 112 116 332 555
10 241 247 246 294 556
10 248 247 249 321 557
10 172 186 199 334 558
10 274 291 308 323 559
10 233 221 287 328 560
10 170 187 119 303 561
10 110 105 111 332 562
10 145 147 146 312 563
10 39 108 187 175 564
10 218 232 222 293 565
10 75 71 21 192 566
10 31 138 143 123 567
10 278 296 290 312 568
10 230 306 227 328 569
10 170 119 105 303 570
10 281 276 311 318 571
10 193 188 222 59 572
10 261 54 155 255 573
10 154 49 227 221 574
10 83 94 310 335 575
10 301 315 278 319 576
10 288 308 274 313 577
10 207 120 103 300 578
10 208 219 229 335 579
10 145 301 153 314 580
10 314 315 277 322 581
10 273 316 287 322 582
10 275 283 307 324 583
10 255 267 239 290 584
10 77 71 76 318 585
10 286 303 280 332 586
10 130 294 104 332 587
10 220 120 207 300 588
10 289 307 283 324 589
10 118 130 116 294 590
10 194 327 292 333 591
10 272 281 307 313 592
10 181 285 333 334 593
10 83 68 93 288 594
10 282 312 301 315 595
10 281 308 288 313 596
10 272 307 283 322 597
10 209 133 125 298 598
10 290 296 278 321 599
10 287 314 277 322 600
10 155 139 164 290 601
10 69 97 86 289 602
10 221 230 227 328 603
10 152 145 153 314 604
10 282 316 148 320 605
10 76 70 96 318 606
10 285 275 311 333 607
10 325 329 300 331 608
10 272 307 281 311 609
10 202 74 100 299 610
10 294 321 284 330 611
10 141 133 167 298 612
10 133 209 236 298 613
10 123 143 166 296 614
10 213 300 329 331 615
10 272 282 313 322 616
10 135 123 166 296 617
10 86 289 97 335 618
10 247 294 254 321 619
10 177 41 105 170 620
10 210 193 202 299 621
10 282 312 315 317 622
10 301 312 282 314 623
10 269 261 142 295 624
10 282 301 314 315 625
10 84 74 19 195 626
10 282 272 315 322 627
10 282 315 314 322 628
10 237 100 225 299 629
10 184 198 189 297 630
10 256 266 252 297 631
10 108 187 119 39 632
10 275 307 289 324 633
10 34 107 243 254 634
10 107 270 243 296 635
10 158 89 101 295 636
10 11 89 137 68 637
10 270 107 135 296 638
10 118 35 104 241 639
10 36 122 104 245 640
10 168 158 101 295 641
10 283 307 273 322 642
10 117 301 126 319 643
10 213 220 300 331 644
10 276 285 311 327 645
10 210 202 237 299 646
10 96 70 85 291 647
10 101 73 269 295 648
10 269 142 168 295 649
10 270 135 166 296 650
10 270 166 260 296 651
10 272 284 317 330 652
10 300 325 279 329 653
10 74 174 19 195 654
10 124 103 211 46 655
10 45 103 207 120 656
10 150 148 147 316 657
10 272 313 282 317 658
10 283 272 322 325 659
10 167 236 226 298 660
10 35 118 254 241 661
10 240 258 190 66 662
10 98 75 192 302 663
10 100 237 202 299 664
10 94 81 310 335 665
10 70 16 259 88 666
10 233 223 215 331 667
10 185 171 195 292 668
10 271 259 98 302 669
10 225 100 90 299 670
10 278 315 312 317 671
10 133 236 167 298 672
10 177 109 200 304 673
10 269 168 101 295 674
10 191 205 61 224 675
10 282 315 272 317 676
10 139 260 56 156 677
10 145 312 301 314 678
10 98 192 203 302 679
10 156 260 166 296 680
10 220 45 207 120 681
10 200 109 132 304 682
10 26 90 69 225 683
10 283 322 277 325 684
10 181 333 183 334 685
10 203 244 271 302 686
10 275 292 309 311 687
10 204 226 157 51 688
10 273 307 289 310 689
10 259 88 98 302 690
10 71 171 21 192 691
10 138 31 102 123 692
10 130 104 110 332 693
10 167 226 157 298 694
10 272 315 325 330 695
10 194 292 185 333 696
10 262 323 291 326 697
10 220 209 44 125 698
10 203 176 244 302 699
10 108 175 201 305 700
10 213 207 212 300 701
10 34 107 254 118 702
10 108 201 134 305 703
10 245 104 36 241 704
10 144 138 145 312 705
10 284 321 317 330 706
10 207 211 103 46 707
10 277 315 319 325 708
10 275 309 307 311 709
10 275 289 307 309 710
10 185 194 171 292 711
10 98 203 271 302 712
10 170 187 40 119 713
10 250 284 323 326 714
10 190 173 240 66 715
10 288 313 274 320 716
10 91 306 208 335 717
10 245 268 122 304 718
10 286 319 315 325 719
10 229 219 206 289 720
10 85 263 14 73 721
10 218 324 214 329 722
10 278 317 321 330 723
10 285 327 182 333 724
10 205 191 61 172 725
10 268 132 122 304 726
10 190 200 268 304 727
10 260 139 56 239 728
10 126 117 102 301 729
10 286 325 315 330 730
10 51 157 204 136 731
10 235 91 99 306 732
10 278 312 290 317 733
10 40 105 170 119 734
10 94 81 83 310 735
10 174 74 202 299 736
10 106 133 141 298 737
10 301 312 278 315 738
10 213 223 220 331 739
10 278 321 294 330 740
10 277 314 301 315 741
10 289 273 310 335 742
10 84 71 77 292 743
10 273 310 288 313 744
10 234 211 124 305 745
10 281 307 309 311 746
10 292 311 275 333 747
10 278 317 290 321 748
10 190 268 258 304 749
10 191 234 201 305 750
10 68 83 92 288 751
10 234 124 134 305 752
10 132 268 200 304 753
10 16 259 238 70 754
10 242 14 263 73 755
10 281 309 307 310 756
10 288 316 313 320 757
10 125 44 220 120 758
10 206 26 69 225 759
10 269 73 242 295 760
10 234 191 224 305 761
10 251 250 249 323 762
10 153 138 30 127 763
10 273 322 287 328 764
10 273 313 288 316 765
10 169 99 159 306 766
10 277 283 325 331 767
10 161 93 10 137 768
10 156 143 144 296 769
10 238 253 263 291 770
10 234 134 201 305 771
10 117 127 102 301 772
10 281 288 310 313 773
10 137 93 10 68 774
10 253 291 262 323 775
10 228 206 219 289 776
10 195 20 84 71 777
10 75 88 76 302 778
10 216 214 218 324 779
10 104 130 118 294 780
10 74 87 90 299 781
10 209 223 226 298 782
10 235 140 227 306 783
10 311 327 285 333 784
10 152 141 157 298 785
10 24 86 91 229 786
10 257 243 260 296 787
10 286 315 278 330 788
10 109 110 122 304 789
10 245 246 258 304 790
10 177 190 178 304 791
10 277 325 300 331 792
10 149 146 148 320 793
10 212 211 224 305 794
10 199 181 183 334 795
10 214 213 212 329 796
10 20 195 171 71 797
10 138 102 30 127 798
10 169 140 235 306 799
10 208 24 91 229 800
10 257 247 254 321 801
10 273 313 316 322 802
10 273 307 310 313 803
10 9 159 72 161 804
10 108 124 121 305 805
10 191 175 186 305 806
10 292 311 276 318 807
10 252 248 250 326 808
10 182 180 184 327 809
10 86 97 81 335 810
10 282 313 316 320 811
10 182 327 194 333 812
10 307 309 289 310 813
10 273 328 306 335 814
10 183 181 182 333 815
10 235 208 91 306 816
10 292 327 311 333 817
10 169 235 99 306 818
10 232 218 214 329 819
10 286 280 330 332 820
10 93 9 72 161 821
10 294 330 280 332 822
10 282 316 313 322 823
10 262 253 238 291 824
10 276 311 292 327 825
10 172 199 188 293 826
10 145 138 153 301 827
10 131 103 120 300 828
10 261 242 264 295 829
10 193 196 174 299 830
10 91 94 306 335 831
10 125 106 128 298 832
10 95 82 85 308 833
10 281 310 307 313 834
10 170 179 187 303 835
10 81 79 80 310 836
10 72 159 99 306 837
10 213 329 214 331 838
10 272 313 307 322 839
10 277 322 315 325 840
10 277 315 301 319 841
10 205 222 232 293 842
10 283 329 325 331 843
10 250 323 262 326 844
10 111 105 119 303 845
10 315 322 272 325 846
10 129 123 107 296 847
10 231 210 225 299 848
10 115 128 117 319 849
10 89 95 73 295 850
10 156 166 143 296 851
10 158 142 163 295 852
10 259 244 265 302 853
10 135 107 123 296 854
10 114 113 115 319 855
10 241 254 247 294 856
10 233 217 221 328 857
10 307 313 273 322 858
10 260 243 270 296 859
10 210 237 225 299 860
10 173 189 198 297 861
10 240 266 256 297 862
10 197 176 192 302 863
10 168 142 158 295 864
10 101 89 73 295 865
10 100 74 90 299 866
10 157 141 167 298 867
10 226 236 209 298 868
10 133 209 125 43 869
10 114 117 126 319 870
10 230 208 227 306 871
10 42 200 177 109 872
10 271 244 259 302 873
10 91 94 72 306 874
10 200 42 132 109 875
10 98 88 75 302 876
10 201 175 108 38 877
10 38 108 201 134 878
10 43 133 209 236 879
10 182 194 185 333 880
10 192 176 203 302 881
10 174 202 193 299 882
10 269 242 261 295 883
10 106 125 133 298 884
10 87 77 79 309 885
10 179 181 186 334 886
10 99 235 23 91 887
10 159 162 140 306 888
10 220 207 213 300 889
10 122 132 109 304 890
10 258 268 245 304 891
10 177 200 190 304 892
10 269 53 142 261 893
10 210 193 58 202 894
10 78 77 76 318 895
10 192 22 75 98 896
10 123 143 32 166 897
10 37 122 245 268 898
10 234 224 211 305 899
10 270 33 107 243 900
10 141 28 167 133 901
10 18 100 202 74 902
10 87 79 97 309 903
10 81 80 83 310 904
10 211 47 234 124 905
10 250 253 262 323 906
10 270 33 135 107 907
10 63 271 203 244 908
10 269 53 168 142 909
10 237 210 58 202 910
10 190 67 268 200 911
10 268 37 122 132 912
10 12 158 89 101 913
10 191 201 175 305 914
10 108 134 124 305 915
10 158 12 168 101 916
10 225 237 27 100 917
10 259 98 17 271 918
10 192 203 22 98 919
10 32 135 123 166 920
10 191 234 62 201 921
10 219 230 217 328 922
10 163 149 160 320 923
10 226 167 52 236 924
10 134 234 47 124 925
10 166 260 57 270 926
10 176 63 203 244 927
10 159 140 169 306 928
10 258 190 67 268 929
10 48 235 140 227 930
10 17 98 259 88 931
10 234 191 62 224 932
10 260 166 57 156 933
10 225 27 90 100 934
10 167 226 52 157 935
10 252 262 265 326 936
10 197 194 184 327 937
10 264 253 251 323 938
10 185 196 183 333 939
10 91 235 23 208 940
10 169 48 235 140 941
10 13 73 269 101 942
10 256 189 64 65 943
10 154 49 221 50 944
10 147 145 152 314 945
10 188 60 222 59 946
10 54 55 155 255 947
10 315 317 278 330 948
10 272 317 315 330 949
10 28 141 106 133 950
10 232 214 212 329 951
10 174 18 202 74 952
10 228 218 231 324 953
10 91 86 94 335 954
10 235 227 208 306 955
10 92 82 95 308 956
10 72 99 91 306 957
10 111 112 110 332 958
10 99 8 169 159 959
10 73 242 13 269 960
10 145 146 144 312 961
10 164 144 146 312 962
10 213 214 215 331 963
10 249 257 267 321 964
10 147 152 165 314 965
10 215 223 213 331 966
10 78 76 96 318 967
10 159 99 8 72 968
10 42 177 41 109 969
10 249 247 257 321 970
10 94 86 81 335 971
10 175 39 108 38 972
10 162 151 150 316 973
10 217 230 221 328 974
10 148 160 149 320 975
10 36 122 245 37 976
10 228 216 218 324 977
10 211 47 124 46 978
10 151 148 150 316 979
10 250 262 252 326 980
10 184 194 182 327 981
10 181 199 186 334 982
10 117 114 115 319 983
10 173 65 240 66 984
10 0 269 168 101 985
10 100 237 3 202 986
10 5 167 133 236 987
10 132 268 6 200 988
10 134 201 7 234 989
10 98 203 2 271 990
10 4 135 166 270 991
10 21 22 75 192 992
10 32 31 143 123 993
10 235 1 169 99 994
10 172 60 61 205 995
10 55 239 56 139 996
10 50 51 204 136 997
10 118 254 34 35 998
10 29 28 141 106 999
10 174 19 18 74 1000
10 45 220 44 120 1001
10 258 190 66 67 1002
10 183 182 185 333 1003
10 191 61 62 224 1004
10 260 56 156 57 1005
10 250 251 253 323 1006
10 226 157 51 52 1007
10 158 11 12 89 1008
10 187 40 119 39 1009
10 137 10 11 68 1010
10 259 16 17 88 1011
10 209 44 125 43 1012
10 26 27 90 225 1013
10 8 9 159 72 1014
10 35 36 104 241 1015
10 46 103 207 45 1016
10 41 105 170 40 1017
10 107 33 34 243 1018
10 238 15 16 70 1019
10 54 142 53 261 1020
10 59 210 193 58 1021
10 25 26 69 206 1022
10 21 20 171 71 1023
10 102 30 31 138 1024
10 110 112 130 332 1025
10 14 15 263 85 1026
10 24 25 86 229 1027
10 176 64 63 244 1028
10 91 23 24 208 1029
10 49 48 140 227 1030
10 13 14 242 73 1031
10 237 58 3 202 1032
10 43 5 133 236 1033
10 0 269 53 168 1034
10 268 67 6 200 1035
10 42 132 6 200 1036
10 268 6 37 132 1037
10 271 203 2 63 1038
10 38 201 7 134 1039
10 2 17 98 271 1040
10 135 4 33 270 1041
10 203 2 22 98 1042
10 4 166 57 270 1043
10 168 12 0 101 1044
10 234 201 7 62 1045
10 7 134 234 47 1046
10 32 4 135 166 1047
10 236 5 167 52 1048
10 237 3 27 100 1049
10 48 1 169 235 1050
10 153 30 29 127 1051
10 84 19 20 195 1052
10 167 28 5 133 1053
10 100 3 18 202 1054
10 23 1 235 99 1055
10 0 13 269 101 1056
10 169 1 8 99 1057
10 93 10 9 161 1058
10 286 121 300 279 1059
10 286 300 121 113 1060
10 300 128 298 120 1061
10 300 298 128 277 1062
10 333 188 275 196 1063
10 333 275 188 293 1064
10 299 275 188 196 1065
10 299 188 275 293 1066
10 320 137 151 160 1067
10 320 151 137 288 1068
10 106 301 153 127 1069
10 153 301 106 298 1070
10 267 323 255 251 1071
10 255 323 267 290 1072
10 323 267 249 251 1073
10 323 249 267 321 1074
10 325 330 285 272 1075
10 285 330 325 286 1076
10 138 123 296 143 1077
10 296 123 138 102 1078
10 71 192 302 171 1079
10 302 192 71 75 1080
10 73 263 295 85 1081
10 73 295 263 242 1082
10 334 172 305 293 1083
10 334 305 172 186 1084
10 308 96 85 291 1085
10 308 85 96 82 1086
10 310 92 308 80 1087
10 310 308 92 288 1088
10 85 238 15 263 1089
10 85 15 238 70 1090
10 320 151 148 160 1091
10 320 148 151 316 1092
10 206 86 25 229 1093
10 206 25 86 69 1094
10 323 317 281 284 1095
10 323 281 317 274 1096
10 153 314 298 152 1097
10 298 314 153 301 1098
10 74 195 299 174 1099
10 299 195 74 84 1100
10 320 317 313 274 1101
10 320 313 317 282 1102
10 153 106 29 141 1103
10 29 106 153 127 1104
NPOIN= 336
-0.5 -0.5 1 0
-0.5 -0.5 0 1
-0.5 0.5 1 2
-0.5 0.5 0 3
0.5 -0.5 1 4
0.5 -0.5 0 5
0.5 0.5 1 6
0.5 0.5 0 7
-0.5 -0.5 0.1666666666666662 8
-0.5 -0.5 0.3333333333333324 9
-0.5 -0.5 0.4999999999999986 10
-0.5 -0.5 0.6666666666666646 11
-0.5 -0.5 0.8333333333333321 12
-0.5 -0.3333333333333338 1 13
-0.5 -0.1666666666666676 1 14
-0.5 -1.443289932012704e-15 1 15
-0.5 0.1666666666666646 1 16
-0.5 0.3333333333333321 1 17
-0.5 0.5 0.1666666666666662 18
-0.5 0.5 0.3333333333333324 19
-0.5 0.5 0.4999999999999986 20
-0.5 0.5 0.6666666666666646 21
-0.5 0.5 0.8333333333333321 22
-0.5 -0.3333333333333338 0 23
-0.5 -0.1666666666666676 0 24
-0.5 -1.443289932012704e-15 0 25
-0.5 0.1666666666666646 0 26
-0.5 0.3333333333333321 0 27
0.5 -0.5 0.1666666666666662 28
0.5 -0.5 0.3333333333333324 29
0.5 -0.5 0.4999999999999986 30
0.5 -0.5 0.6666666666666646 31
0.5 -0.5 0.8333333333333321 32
0.5 -0.3333333333333338 1 33
0.5 -0.1666666666666676 1 34
0.5 -1.443289932012704e-15 1 35
0.5 0.1666666666666646 1 36
0.5 0.3333333333333321 1 37
0.5 0.5 0.1666666666666662 38
0.5 0.5 0.3333333333333324 39
0.5 0.5 0.4999999999999986 40
0.5 0.5 0.6666666666666646 41
0.5 0.5 0.8333333333333321 42
0.5 -0.3333333333333338 0 43
0.5 -0.1666666666666676 0 44
0.5 -1.443289932012704e-15 0 45
0.5 0.1666666666666646 0 46
0.5 0.3333333333333321 0 47
-0.3333333333333338 -0.5 0 48
-0.1666666666666676 -0.5 0 49
-1.443289932012704e-15 -0.5 0 50
0.1666666666666646 -0.5 0 51
0.3333333333333321 -0.5 0 52
-0.3333333333333338 -0.5 1 53
-0.1666666666666676 -0.5 1 54
-1.443289932012704e-15 -0.5 1 55
0.1666666666666646 -0.5 1 56
0.3333333333333321 -0.5 1 57
-0.3333333333333338 0.5 0 58
-0.1666666666666676 0.5 0 59
-1.443289932012704e-15 0.5 0 60
0.1666666666666646 0.5 0 61
0.3333333333333321 0.5 0 62
-0.3333333333333338 0.5 1 63
-0.1666666666666676 0.5 1 64
-1.443289932012704e-15 0.5 1 65
0.1666666666666646 0.5 1 66
0.3333333333333321 0.5 1 67
-0.5 -0.3491573523912473 0.5815109568340523 68
-0.5 0.09778760911776263 0.1493826874925709 69
-0.5 0.09778760911776285 0.8506173125074281 70
-0.5 0.3556624327025939 0.5833333333333316 71
-0.5 -0.3486919098564352 0.2623742252847558 72
-0.5 -0.2522937250022408 0.8611620212026556 73
-0.5 0.3588713258240283 0.2507062282134787 74
-0.5 0.358871325824028 0.7492937717865189 75
-0.5 0.197528712446488 0.6925646466622739 76
-0.5 0.2090255065787381 0.5043163299992666 77
-0.5 0.06698729810778192 0.583333333333331 78
-0.5 0.06381293421554957 0.422220446824228 79
-0.5 -0.07493641577898863 0.5009256300262583 80
-0.5 -0.07873396913733699 0.3399105658185371 81
-0.5 -0.07735026918962395 0.6666666666666641 82
-0.5 -0.2277778290501113 0.4199000080986984 83
-0.5 0.355814021751758 0.4175037597021233 84
-0.5 -0.07907868459423845 0.8318012084636078 85
-0.5 -0.07795702464481236 0.1691750301123359 86
-0.5 0.1967684076365565 0.3089649537937649 87
-0.5 0.2514957068082695 0.8613549960618434 88
-0.5 -0.3630506580186298 0.7528831044824416 89
-0.5 0.2514051943308966 0.1388270992305415 90
-0.5 -0.2444377959922679 0.139278356241809 91
-0.5 -0.1868980160819414 0.5784344142880582 92
-0.5 -0.3851254182595588 0.4194237047101675 93
-0.5 -0.1955197057361928 0.2661276371112272 94
-0.5 -0.2179714508796536 0.7120763953229132 95
-0.5 0.05024047358083794 0.7209936490538889 96
-0.5 0.04033559143754395 0.2779307368082873 97
-0.5 0.3779915320718531 0.8779915320718531 98
-0.5 -0.3779915320718541 0.1220084679281459 99
-0.5 0.3779915320718541 0.1220084679281456 100
-0.5 -0.3779915320718545 0.8779915320718541 101
0.5 -0.3491573523912473 0.5815109568340523 102
0.5 0.09778760911776263 0.1493826874925709 103
0.5 0.09778760911776285 0.8506173125074281 104
0.5 0.3556624327025939 0.5833333333333316 105
0.5 -0.3486919098564352 0.2623742252847558 106
0.5 -0.2522937250022408 0.8611620212026556 107
0.5 0.3588713258240283 0.2507062282134787 108
0.5 0.358871325824028 0.7492937717865189 109
0.5 0.197528712446488 0.6925646466622739 110
0.5 0.2090255065787381 0.5043163299992666 111
0.5 0.06698729810778192 0.583333333333331 112
0.5 0.06381293421554957 0.422220446824228 113
0.5 -0.07493641577898863 0.5009256300262583 114
0.5 -0.07873396913733699 0.3399105658185371 115
0.5 -0.07735026918962395 0.6666666666666641 116
0.5 -0.2277778290501113 0.4199000080986984 117
0.5 -0.0790786845942385 0.8318012084636078 118
0.5 0.355814021751758 0.4175037597021233 119
0.5 -0.07795702464481236 0.1691750301123359 120
0.5 0.1967684076365565 0.3089649537937649 121
0.5 0.2514957068082695 0.8613549960618434 122
0.5 -0.3630506580186298 0.7528831044824416 123
0.5 0.2514051943308966 0.1388270992305415 124
0.5 -0.2444377959922679 0.139278356241809 125
0.5 -0.1868980160819414 0.5784344142880582 126
0.5 -0.3851254182595588 0.4194237047101675 127
0.5 -0.1955197057361928 0.2661276371112272 128
0.5 -0.2179714508796536 0.7120763953229132 129
0.5 0.05024047358083772 0.720993649053889 130
0.5 0.04033559143754395 0.2779307368082873 131
0.5 0.3779915320718531 0.8779915320718531 132
0.5 -0.3779915320718541 0.1220084679281459 133
0.5 0.3779915320718541 0.1220084679281456 134
0.5 -0.3779915320718545 0.8779915320718541 135
0.09778760911776274 -0.5 0.1493826874925711 136
-0.3491573523912473 -0.5 0.5815109568340524 137
0.3556624327025941 -0.5 0.5833333333333316 138
0.09778760911776296 -0.5 0.8506173125074283 139
-0.2541201705266419 -0.5 0.1356302602983094 140
0.3588713258240283 -0.5 0.2507062282134787 141
-0.2522937250022408 -0.5 0.8611620212026556 142
0.3588713258240285 -0.5 0.7492937717865187 143
0.197528712446488 -0.5 0.6925646466622742 144
0.2090255065787381 -0.5 0.5043163299992668 145
0.06698729810778192 -0.5 0.5833333333333319 146
0.06381293421554957 -0.5 0.4222204468242287 147
-0.07493641577898857 -0.5 0.5009256300262591 148
-0.07735026918962407 -0.5 0.666666666666665 149
-0.07863006079993895 -0.5 0.3400905403382409 150
-0.2164287015149211 -0.5 0.4404659175556338 151
0.1967467520581048 -0.5 0.3088453690744141 152
0.3533843361939107 -0.5 0.4134224323256369 153
-0.07960928604161682 -0.5 0.1687852027634297 154
-0.07907868459423845 -0.5 0.8318012084636082 155
0.2514957068082695 -0.5 0.8613549960618433 156
0.2514026162858429 -0.5 0.1388128629544283 157
-0.3630506580186297 -0.5 0.7528831044824416 158
-0.3686927328593508 -0.5 0.2418072307765988 159
-0.1846281905749033 -0.5 0.5825475961794456 160
-0.364836538777206 -0.5 0.4059952396911893 161
-0.2166806401037822 -0.5 0.2832075760009829 162
-0.2175931466284806 -0.5 0.7127619256381446 163
0.05024047358083716 -0.5 0.7209936490538894 164
0.04002158970997227 -0.5 0.2778648492985769 165
0.3779915320718527 -0.5 0.8779915320718527 166
0.3779915320718541 -0.5 0.1220084679281455 167
-0.3779915320718544 -0.5 0.8779915320718541 168
-0.3788401225741576 -0.5 0.1211598774258424 169
0.3556624327025941 0.5 0.5833333333333316 170
-0.3491573523912473 0.5 0.5815109568340524 171
0.09778760911776274 0.5 0.1493826874925711 172
0.09778760911776296 0.5 0.8506173125074283 173
-0.3486919098564353 0.5 0.262374225284756 174
0.3588713258240283 0.5 0.2507062282134787 175
-0.2522937250022408 0.5 0.8611620212026556 176
0.3588713258240285 0.5 0.7492937717865187 177
0.197528712446488 0.5 0.6925646466622742 178
0.2090255065787381 0.5 0.5043163299992668 179
0.06698729810778192 0.5 0.5833333333333319 180
0.06381293421554945 0.5 0.4222204468242287 181
-0.07493641577898869 0.5 0.5009256300262592 182
-0.07873396913733716 0.5 0.3399105658185376 183
-0.07735026918962407 0.5 0.666666666666665 184
-0.2277778290501115 0.5 0.4199000080986991 185
0.1967467520581047 0.5 0.3088453690744141 186
0.3533843361939107 0.5 0.4134224323256369 187
-0.07795702464481241 0.5 0.1691750301123361 188
-0.07907868459423845 0.5 0.8318012084636082 189
0.2514957068082695 0.5 0.8613549960618433 190
0.2514026162858429 0.5 0.1388128629544283 191
-0.3630506580186297 0.5 0.7528831044824418 192
-0.2444377959922679 0.5 0.139278356241809 193
-0.1868980160819414 0.5 0.5784344142880588 194
-0.3851254182595588 0.5 0.4194237047101677 195
-0.1955197057361928 0.5 0.2661276371112275 196
-0.2179714508796536 0.5 0.7120763953229134 197
0.05024047358083716 0.5 0.7209936490538894 198
0.04033126032185341 0.5 0.2779068198644176 199
0.3779915320718527 0.5 0.8779915320718527 200
0.3779915320718541 0.5 0.1220084679281455 201
-0.3779915320718541 0.5 0.1220084679281459 202
-0.3779915320718544 0.5 0.8779915320718541 203
0.09778760911776263 -0.3506173125074291 0 204
0.09778760911776285 0.3506173125074281 0 205
-0.3491573523912473 0.08151095683405229 0 206
0.3556624327025939 0.08333333333333159 0 207
-0.3486919098564352 -0.2376257747152442 0 208
0.3588713258240283 -0.2492937717865213 0 209
-0.2522937250022408 0.3611620212026556 0 210
0.358871325824028 0.2492937717865189 0 211
0.197528712446488 0.1925646466622739 0 212
0.2090255065787381 0.004316329999266566 0 213
0.06698729810778192 0.08333333333333104 0 214
0.06381293421554957 -0.07777955317577201 0 215
-0.07493641577898863 0.0009256300262583395 0 216
-0.07873396913733699 -0.1600894341814629 0 217
-0.07735026918962395 0.1666666666666641 0 218
-0.2277778290501113 -0.08009999190130157 0 219
0.355814021751758 -0.08249624029787672 0 220
-0.07795702464481236 -0.3308249698876641 0 221
-0.07907868459423845 0.3318012084636078 0 222
0.1967684076365565 -0.1910350462062351 0 223
0.2514957068082695 0.3613549960618434 0 224
-0.3630506580186298 0.2528831044824416 0 225
0.2514051943308966 -0.3611729007694585 0 226
-0.2444377959922679 -0.360721643758191 0 227
-0.1868980160819414 0.0784344142880582 0 228
-0.3851254182595588 -0.08057629528983251 0 229
-0.1955197057361927 -0.2338723628887727 0 230
-0.2179714508796536 0.2120763953229132 0 231
0.05024047358083794 0.2209936490538889 0 232
0.04033559143754395 -0.2220692631917127 0 233
0.3779915320718531 0.3779915320718531 0 234
-0.3779915320718542 -0.3779915320718542 0 235
0.3779915320718541 -0.3779915320718544 0 236
-0.3779915320718545 0.3779915320718541 0 237
-0.3491573523912473 0.08151095683405229 1 238
0.09778760911776263 -0.3506173125074291 1 239
0.09778760911776285 0.3506173125074281 1 240
0.3556624327025939 0.08333333333333159 1 241
-0.3486919098564352 -0.2376257747152442 1 242
0.3588713258240283 -0.2492937717865213 1 243
-0.2522937250022408 0.3611620212026556 1 244
0.358871325824028 0.2492937717865189 1 245
0.197528712446488 0.1925646466622739 1 246
0.2090255065787381 0.004316329999266566 1 247
0.06698729810778192 0.08333333333333104 1 248
0.06381293421554957 -0.07777955317577201 1 249
-0.07493641577898863 0.0009256300262583395 1 250
-0.07873396913733699 -0.1600894341814629 1 251
-0.07735026918962395 0.1666666666666641 1 252
-0.2277778290501113 -0.08009999190130157 1 253
0.355814021751758 -0.08249624029787672 1 254
-0.07795702464481236 -0.3308249698876641 1 255
-0.07907868459423845 0.3318012084636078 1 256
0.1967684076365565 -0.1910350462062351 1 257
0.2514957068082695 0.3613549960618434 1 258
-0.3630506580186298 0.2528831044824416 1 259
0.2514051943308966 -0.3611729007694585 1 260
-0.2444377959922679 -0.360721643758191 1 261
-0.1868980160819414 0.0784344142880582 1 262
-0.3851254182595588 -0.08057629528983251 1 263
-0.1955197057361927 -0.2338723628887727 1 264
-0.2179714508796536 0.2120763953229132 1 265
0.05024047358083794 0.2209936490538889 1 266
0.04033559143754395 -0.2220692631917127 1 267
0.3779915320718531 0.3779915320718531 1 268
-0.3779915320718542 -0.3779915320718542 1 269
0.3779915320718541 -0.3779915320718544 1 270
-0.3779915320718545 0.3779915320718541 1 271
1.387778780781446e-17 1.110223024625157e-16 0.5000000000000001 272
-0.1846250844137785 -0.183840422785832 0.3152618350406454 273
-0.1372453665989916 -0.1967932871762084 0.6972068679270663 274
-0.1372453665989914 0.1972068679270664 0.3032067128237915 275
-0.1455416589944972 0.1959341016888207 0.6959341016888207 276
0.1977412537652123 -0.1387751538578643 0.3056281039910587 277
0.2074081846880392 -0.1586169526888274 0.6554435877692254 278
0.1783694256277559 0.1844964475617141 0.3154224170535391 279
0.1681859143561328 0.1874594973967458 0.6874594973967458 280
-0.2537111013868084 -0.01202069739038307 0.5559866554671372 281
0.01486946857885676 -0.2578493118518087 0.4975912128713348 282
-0.01249827895409823 -0.01383967579731422 0.2439264184349295 283
0.01485783795676601 -0.002429290749767592 0.7613516457808236 284
0.01485783795676574 0.2613516457808235 0.4975707092502327 285
0.2616288136965048 0.03650911069403892 0.503346121792976 286
0.01736783691275051 -0.2702931074472201 0.2296696881546433 287
-0.2811902551508135 -0.2403197107356562 0.5194560685526106 288
-0.2695729959789644 0.01726142859290082 0.2166238346897562 289
0.05889803821735278 -0.2795321919442603 0.7797917526704216 290
-0.2691853694882402 0.01891543126378905 0.7882601597485679 291
-0.2645769157632619 0.2717852385785607 0.4972119398910856 292
0.02890159436663113 0.29593528367462 0.203186179326781 293
0.2830184433167841 0.01481187948428298 0.7838837477470643 294
-0.298788448144402 -0.298788448144402 0.7979355106376492 295
0.2971117533605641 -0.2970738835378779 0.7970738835378773 296
0.01710961072433946 0.29882233298804 0.7988223329880402 297
0.2983788703830509 -0.2987405661937347 0.2012594338062652 298
-0.2986581420236626 0.2982840081608122 0.2013505542515307 299
0.2925617745957669 0.03233086553140518 0.2046503456031101 300
0.2792800229114982 -0.2807391043099208 0.4709265613181068 301
-0.3003716958541227 0.3009333124824409 0.7995549917503667 302
0.2779594664373983 0.2779594664373983 0.5035737621133147 303
0.3029477142660457 0.302947714266046 0.8029477142660458 304
0.304083624243043 0.304083624243043 0.1959163757569565 305
-0.3061170316862555 -0.3052285618636686 0.1944264088913461 306
-0.1595634678827019 0.001904140372470869 0.3814722693199528 307
-0.3202207080097321 -0.142521497124571 0.6796041038990386 308
-0.316340654543137 0.1227886011812496 0.3775108567568544 309
-0.32256305766007 -0.08889297740570615 0.3995000880122659 310
-0.1355797762202101 0.1313323500096375 0.5179466863946577 311
0.1400872868830364 -0.3301753638646666 0.6178656281004096 312
-0.1265225028982517 -0.1366743852624727 0.5014481642824137 313
0.129909589769772 -0.331964502140208 0.3678449007293068 314
0.1422212458462448 -0.1210115545572426 0.4837739618724579 315
-0.1320583466513346 -0.3354803992544061 0.4115173772768838 316
0.0193114255802106 -0.129454317290224 0.6288083014332995 317
-0.322605116371718 0.1398243975924265 0.6498852476694551 318
0.33783375559305 -0.1093869437903146 0.4211858336196742 319
-0.1084354462522357 -0.3399497649110641 0.5958440576849741 320
0.1426180871153235 -0.1199356179063382 0.8342832291886699 321
-0.01470989015976054 -0.1508054481534269 0.3580822697874459 322
-0.127846501110941 -0.08433230716858668 0.8410328732060165 323
-0.114470988286496 0.1006326676771923 0.1583756531304708 324
0.1196575868381324 0.01360290311481574 0.3647088667022018 325
-0.1110673955928478 0.09640682167556958 0.839710840758463 326
-0.1110673955928477 0.3397108407584633 0.5964068216755701 327
-0.1269473561795954 -0.2130932735470765 0.1561218733546314 328
0.08077301984428338 0.1250110330169067 0.1753645134103266 329
0.1300738971208264 0.01236527857170425 0.6238296841470345 330
0.1409522858733914 -0.051851388405525 0.1596164018412882 331
0.3368434036231945 0.1251919768014662 0.6463935405837099 332
-0.1219910205688284 0.3404328192346893 0.4112834084904569 333
0.09953358982951616 0.3370858010709054 0.3609486352039145 334
-0.3389716808479827 -0.1402205796006339 0.2350262494450351 335
